0 0 0.06567801
1 0 0.068755694
2 0 0.07410343
3 0 0.07701778
4 0 0.08142996
5 0 0.085277915
6 0 0.08947085
7 0 0.0935339
8 0 0.09594116
9 0 0.0964629
10 0 0.09798856
11 0 0.10009797
12 0 0.10033528
13 0 0.09967877
14 0 0.096363775
15 0 0.092574656
16 0 0.089608796
17 0 0.08678307
18 0 0.08380108
19 0 0.07937719
20 0 0.073965244
20 1 0.07380411
19 1 0.077028766
18 1 0.08150589
17 1 0.085091636
16 1 0.088125125
15 1 0.09260542
14 1 0.095821045
13 1 0.0982122
12 1 0.099314995
11 1 0.09849955
10 1 0.097522244
9 1 0.09718508
8 1 0.0964087
7 1 0.09404343
6 1 0.09119891
5 1 0.088912494
4 1 0.08561484
3 1 0.08223246
2 1 0.07887352
1 1 0.07515716
0 1 0.07256898
0 2 0.07417643
1 2 0.077501915
2 2 0.08279253
3 2 0.08612998
4 2 0.089773834
5 2 0.09332345
6 2 0.09852934
7 2 0.10665055
8 2 0.110905014
9 2 0.11359451
10 2 0.11275929
11 2 0.11239991
12 2 0.11310476
13 2 0.11128857
14 2 0.108480416
15 2 0.10537759
16 2 0.10085017
17 2 0.09625465
18 2 0.09098504
19 2 0.085968845
20 2 0.08190653
20 3 0.084241524
19 3 0.08898476
18 3 0.09509545
17 3 0.10136288
16 3 0.106348306
15 3 0.11196094
14 3 0.11913219
13 3 0.1280647
12 3 0.13343856
11 3 0.13382505
10 3 0.1307432
9 3 0.13307063
8 3 0.13384092
7 3 0.12710595
6 3 0.11955774
5 3 0.11045311
4 3 0.10340637
3 3 0.09627052
2 3 0.0902172
1 3 0.085353844
0 3 0.081600614
0 4 0.08283867
1 4 0.08585703
2 4 0.09076726
3 4 0.09417527
4 4 0.09885185
5 4 0.105122946
6 4 0.1141287
7 4 0.12157608
8 4 0.13078642
9 4 0.13938177
10 4 0.14602226
11 4 0.14945614
12 4 0.1490345
13 4 0.14099899
14 4 0.13287899
15 4 0.12517233
16 4 0.118003756
17 4 0.108761914
18 4 0.10160263
19 4 0.095237784
20 4 0.09016959
20 5 0.09113518
19 5 0.095233634
18 5 0.10158114
17 5 0.10891402
16 5 0.11553302
15 5 0.12597801
14 5 0.13934685
13 5 0.1556784
12 5 0.17401364
11 5 0.18877243
10 5 0.18776801
9 5 0.1757273
8 5 0.16240947
7 5 0.14993955
6 5 0.1423137
5 5 0.13644886
4 5 0.12824269
3 5 0.12023743
2 5 0.11354202
1 5 0.10806171
0 5 0.10161142
0 6 0.10241563
1 6 0.10481508
2 6 0.10999973
3 6 0.117314294
4 6 0.12640575
5 6 0.13478868
6 6 0.13753751
7 6 0.14176682
8 6 0.159427
9 6 0.17330857
10 6 0.1801468
11 6 0.18644865
12 6 0.18500723
13 6 0.17260054
14 6 0.15701047
15 6 0.14648052
16 6 0.13310848
17 6 0.121832676
18 6 0.112037115
19 6 0.10460829
20 6 0.099244684
20 7 0.09990216
19 7 0.10404969
18 7 0.11131884
17 7 0.11930627
16 7 0.12943533
15 7 0.14211668
14 7 0.15485784
13 7 0.16486116
12 7 0.16937783
11 7 0.17058806
10 7 0.17435521
9 7 0.1918982
8 7 0.19895129
7 7 0.1913767
6 7 0.17331271
5 7 0.15890454
4 7 0.14590727
3 7 0.13359018
2 7 0.12443135
1 7 0.11839341
0 7 0.11084276
0 8 0.111305416
1 8 0.11472075
2 8 0.12254558
3 8 0.13140826
4 8 0.1460767
5 8 0.16089503
6 8 0.17967658
7 8 0.20286614
8 8 0.22310132
9 8 0.22222655
10 8 0.20509566
11 8 0.19331668
12 8 0.18889864
13 8 0.1822523
14 8 0.17168988
15 8 0.15942237
16 8 0.14756379
17 8 0.1343209
18 8 0.1239372
19 8 0.11565118
20 8 0.10855196
20 9 0.10686687
19 9 0.11079296
18 9 0.11885582
17 9 0.12757397
16 9 0.13695693
15 9 0.1496644
14 9 0.16342609
13 9 0.17788504
12 9 0.19126196
11 9 0.19684872
10 9 0.19475761
9 9 0.19296071
8 9 0.17961895
7 9 0.1686725
6 9 0.16581894
5 9 0.15927978
4 9 0.14840803
3 9 0.13770865
2 9 0.12848073
1 9 0.12078993
0 9 0.11481914
0 10 0.11223878
1 10 0.11617585
2 10 0.12245305
3 10 0.13133843
4 10 0.14128023
5 10 0.1518678
6 10 0.15864305
7 10 0.15897265
8 10 0.16267851
9 10 0.17561719
10 10 0.1893635
11 10 0.21062163
12 10 0.21465197
13 10 0.19344877
14 10 0.17278829
15 10 0.1566335
16 10 0.14395899
17 10 0.1320218
18 10 0.12280901
19 10 0.11547686
20 10 0.108741164
20 11 0.10435169
19 11 0.107301205
18 11 0.113473415
17 11 0.11950988
16 11 0.12859768
15 11 0.14040108
14 11 0.15401481
13 11 0.16975674
12 11 0.18127963
11 11 0.18567349
10 11 0.18267223
9 11 0.1737341
8 11 0.16329278
7 11 0.15464324
6 11 0.14867903
5 11 0.14192893
4 11 0.13365024
3 11 0.12384027
2 11 0.11693099
1 11 0.11121459
0 11 0.104516245
0 12 0.10036335
1 12 0.10343469
2 12 0.10743939
3 12 0.11190283
4 12 0.11940026
5 12 0.12677807
6 12 0.13468786
7 12 0.14171726
8 12 0.14749102
9 12 0.15085582
10 12 0.15168054
11 12 0.14333472
12 12 0.13775064
13 12 0.13911322
14 12 0.13511364
15 12 0.1275083
16 12 0.119878545
17 12 0.11124609
18 12 0.10404334
19 12 0.09822977
20 12 0.0931733
20 13 0.08948672
19 13 0.09115057
18 13 0.0946953
17 13 0.099522516
16 13 0.102320656
15 13 0.10772406
14 13 0.11664558
13 13 0.12391987
12 13 0.12522775
11 13 0.12593113
10 13 0.12856032
9 13 0.13333651
8 13 0.13214777
7 13 0.1299644
6 13 0.123466976
5 13 0.116437085
4 13 0.10952047
3 13 0.102988884
2 13 0.097175315
1 13 0.09210078
0 13 0.08782337
0 14 0.085455894
1 14 0.08792615
2 14 0.09151947
3 14 0.095690675
4 14 0.09910796
5 14 0.10292028
6 14 0.10646208
7 14 0.110695295
8 14 0.1156673
9 14 0.118900746
10 14 0.11704842
11 14 0.11565948
12 14 0.113933384
13 14 0.111135736
14 14 0.10720306
15 14 0.10303527
16 14 0.09858794
17 14 0.09220551
18 14 0.08635264
19 14 0.08115114
20 14 0.076380074
20 15 0.0739523
19 15 0.07515154
18 15 0.07819871
17 15 0.08166482
16 15 0.084173165
15 15 0.086025
14 15 0.088016726
13 15 0.090243325
12 15 0.09297188
11 15 0.0956084
10 15 0.097560085
9 15 0.09663624
8 15 0.095448725
7 15 0.092981406
6 15 0.0919494
5 15 0.08929922
4 15 0.08664952
3 15 0.084085025
2 15 0.081057884
1 15 0.07843797
0 15 0.07573968
0 16 0.07338784
1 16 0.07525384
2 16 0.07718282
3 16 0.07889354
4 16 0.08120583
5 16 0.08286968
6 16 0.08440315
7 16 0.08585141
8 16 0.08810218
9 16 0.088562876
10 16 0.08932046
11 16 0.088465706
12 16 0.087485954
13 16 0.08638267
14 16 0.08510677
15 16 0.0831773
16 16 0.08073708
17 16 0.07808054
18 16 0.07431657
19 16 0.07027622
20 16 0.068753004
20 17 0.065792754
19 17 0.06696855
18 17 0.0689034
17 17 0.06962875
16 17 0.072443
15 17 0.074370526
14 17 0.07632929
13 17 0.0785554
12 17 0.07954004
11 17 0.07973511
10 17 0.08005103
9 17 0.08014234
8 17 0.078958236
7 17 0.07766916
6 17 0.07735763
5 17 0.07711129
4 17 0.075753845
3 17 0.07400968
2 17 0.07280336
1 17 0.07045787
0 17 0.06825031
0 18 0.065420926
1 18 0.06607425
2 18 0.06727691
3 18 0.067819886
4 18 0.06970004
5 18 0.07127819
6 18 0.07318569
7 18 0.07446159
8 18 0.07533099
9 18 0.07492522
10 18 0.07477775
11 18 0.07472283
12 18 0.07374161
13 18 0.07261073
14 18 0.071951784
15 18 0.07085777
16 18 0.06883748
17 18 0.066317424
18 18 0.06397803
19 18 0.061673064
20 18 0.059852723
20 19 0.057563867
19 19 0.05802091
18 19 0.059094165
17 19 0.060668163
16 19 0.062127173
15 19 0.06328393
14 19 0.06402442
13 19 0.06466407
12 19 0.06540408
11 19 0.06580398
10 19 0.0657034
9 19 0.06528835
8 19 0.06498952
7 19 0.064815685
6 19 0.06372436
5 19 0.06337573
4 19 0.061826874
3 19 0.06100728
2 19 0.05966766
1 19 0.058983568
0 19 0.058478188
0 20 0.05676991
1 20 0.057635646
2 20 0.059262626
3 20 0.06076509
4 20 0.06094112
5 20 0.06164401
6 20 0.06187326
7 20 0.06242991
8 20 0.06309643
9 20 0.06352221
10 20 0.063617185
11 20 0.06364453
12 20 0.06308471
13 20 0.062053684
14 20 0.061429407
15 20 0.06042353
16 20 0.059288993
17 20 0.058208168
18 20 0.05646546
19 20 0.05518883
20 20 0.053808685
