   1.00000000       0.00000000      -1.45048611E-02
   2.00000000       0.00000000      -1.52089735E-02
   3.00000000       0.00000000      -1.50182946E-02
   4.00000000       0.00000000      -1.56935975E-02
   5.00000000       0.00000000      -1.57624502E-02
   6.00000000       0.00000000      -1.56447683E-02
   7.00000000       0.00000000      -1.62458569E-02
   8.00000000       0.00000000      -1.64794978E-02
   9.00000000       0.00000000      -1.67898051E-02
   10.0000000       0.00000000      -1.66650545E-02
   11.0000000       0.00000000      -1.71106085E-02
   12.0000000       0.00000000      -1.38530005E-02
   13.0000000       0.00000000      -1.36464471E-02
   14.0000000       0.00000000      -1.62050836E-02
   15.0000000       0.00000000      -1.21979378E-02
   16.0000000       0.00000000      -1.28246620E-02
   17.0000000       0.00000000      -1.20209353E-02
   18.0000000       0.00000000      -1.20858764E-02
   19.0000000       0.00000000      -1.23815341E-02
   20.0000000       0.00000000      -1.19310906E-02
   20.0000000       1.00000000      -1.23310005E-02
   19.0000000       1.00000000      -1.29711404E-02
   18.0000000       1.00000000      -1.29945865E-02
   17.0000000       1.00000000      -1.34611418E-02
   16.0000000       1.00000000      -1.43893817E-02
   15.0000000       1.00000000      -1.43349366E-02
   14.0000000       1.00000000      -1.46955401E-02
   13.0000000       1.00000000      -1.48310335E-02
   12.0000000       1.00000000      -1.47145810E-02
   11.0000000       1.00000000      -1.38945002E-02
   10.0000000       1.00000000      -1.32602090E-02
   9.00000000       1.00000000      -1.31647531E-02
   8.00000000       1.00000000      -1.21940356E-02
   7.00000000       1.00000000      -1.17706843E-02
   6.00000000       1.00000000      -1.17709357E-02
   5.00000000       1.00000000      -1.20202042E-02
   4.00000000       1.00000000      -1.19347507E-02
   3.00000000       1.00000000      -1.19957943E-02
   2.00000000       1.00000000      -1.19169299E-02
   1.00000000       1.00000000      -1.21671762E-02
   0.00000000       1.00000000      -1.25426762E-02
   0.00000000       2.00000000      -1.22243082E-02
   1.00000000       2.00000000      -1.17894877E-02
   2.00000000       2.00000000      -1.15079861E-02
   3.00000000       2.00000000      -1.18859261E-02
   4.00000000       2.00000000      -1.18732275E-02
   5.00000000       2.00000000      -1.21779190E-02
   6.00000000       2.00000000      -1.12950997E-02
   7.00000000       2.00000000      -1.21781658E-02
   8.00000000       2.00000000      -1.30600166E-02
   9.00000000       2.00000000      -1.28920386E-02
   10.0000000       2.00000000      -1.22089274E-02
   11.0000000       2.00000000      -1.12455348E-02
   12.0000000       2.00000000      -9.88735911E-03
   13.0000000       2.00000000      -9.44325794E-03
   14.0000000       2.00000000      -9.07143205E-03
   15.0000000       2.00000000      -8.53870157E-03
   16.0000000       2.00000000      -8.02380592E-03
   17.0000000       2.00000000      -7.69933732E-03
   18.0000000       2.00000000      -8.20910838E-03
   19.0000000       2.00000000      -8.46570451E-03
   20.0000000       2.00000000      -8.25867336E-03
   20.0000000       3.00000000      -8.78504757E-03
   19.0000000       3.00000000      -9.00868140E-03
   18.0000000       3.00000000      -9.57533997E-03
   17.0000000       3.00000000      -9.78213083E-03
   16.0000000       3.00000000      -1.00604594E-02
   15.0000000       3.00000000      -1.09515833E-02
   14.0000000       3.00000000      -1.12179462E-02
   13.0000000       3.00000000      -1.21427663E-02
   12.0000000       3.00000000      -1.23412497E-02
   11.0000000       3.00000000      -1.21781658E-02
   10.0000000       3.00000000      -9.96572524E-03
   9.00000000       3.00000000      -7.31798401E-03
   8.00000000       3.00000000      -5.88558661E-03
   7.00000000       3.00000000      -5.48372790E-03
   6.00000000       3.00000000      -5.64681413E-03
   5.00000000       3.00000000      -6.04867516E-03
   4.00000000       3.00000000      -5.72714070E-03
   3.00000000       3.00000000      -6.04257267E-03
   2.00000000       3.00000000      -6.22519339E-03
   1.00000000       3.00000000      -6.52988488E-03
   0.00000000       3.00000000      -6.79722335E-03
   0.00000000       4.00000000      -6.58042077E-03
   1.00000000       4.00000000      -6.11508545E-03
   2.00000000       4.00000000      -6.16488792E-03
   3.00000000       4.00000000      -6.34213956E-03
   4.00000000       4.00000000      -6.94859121E-03
   5.00000000       4.00000000      -6.81431545E-03
   6.00000000       4.00000000      -7.62828905E-03
   7.00000000       4.00000000      -7.90344179E-03
   8.00000000       4.00000000      -8.78675655E-03
   9.00000000       4.00000000      -8.95765703E-03
   10.0000000       4.00000000      -9.65200458E-03
   11.0000000       4.00000000      -9.88784526E-03
   12.0000000       4.00000000      -6.35019317E-03
   13.0000000       4.00000000      -2.90239020E-03
   14.0000000       4.00000000      -2.71879160E-03
   15.0000000       4.00000000      -3.10038938E-03
   16.0000000       4.00000000      -2.92289560E-03
   17.0000000       4.00000000      -3.10038938E-03
   18.0000000       4.00000000      -3.70489107E-03
   19.0000000       4.00000000      -4.31280956E-03
   20.0000000       4.00000000      -4.79377480E-03
   20.0000000       5.00000000      -4.40949015E-03
   19.0000000       5.00000000      -5.00520365E-03
   18.0000000       5.00000000      -5.71248960E-03
   17.0000000       5.00000000      -5.82357543E-03
   16.0000000       5.00000000      -6.41709007E-03
   15.0000000       5.00000000      -7.65636610E-03
   14.0000000       5.00000000      -8.81019328E-03
   13.0000000       5.00000000      -8.99427850E-03
   12.0000000       5.00000000      -9.14711319E-03
   11.0000000       5.00000000      -8.00988730E-03
   10.0000000       5.00000000      -5.69711020E-03
   9.00000000       5.00000000      -3.19926790E-03
   8.00000000       5.00000000      -1.49147597E-03
   7.00000000       5.00000000      -3.75492993E-04
   6.00000000       5.00000000       8.37410407E-05
   5.00000000       5.00000000      -2.70511984E-04
   4.00000000       5.00000000      -4.95369371E-04
   3.00000000       5.00000000      -1.25368137E-03
   2.00000000       5.00000000      -1.62624475E-03
   1.00000000       5.00000000      -2.25345325E-03
   0.00000000       5.00000000      -2.71195499E-03
   0.00000000       6.00000000      -2.33328808E-03
   1.00000000       6.00000000      -2.32254574E-03
   2.00000000       6.00000000      -1.85305555E-03
   3.00000000       6.00000000      -2.24075699E-03
   4.00000000       6.00000000      -2.20315834E-03
   5.00000000       6.00000000      -2.51541915E-03
   6.00000000       6.00000000      -3.20927775E-03
   7.00000000       6.00000000      -4.53669159E-03
   8.00000000       6.00000000      -4.86579770E-03
   9.00000000       6.00000000      -4.81452607E-03
   10.0000000       6.00000000      -4.56305826E-03
   11.0000000       6.00000000      -4.28107148E-03
   12.0000000       6.00000000      -2.45047756E-03
   13.0000000       6.00000000      -2.35745707E-03
   14.0000000       6.00000000      -2.02078279E-03
   15.0000000       6.00000000      -6.17440150E-04
   16.0000000       6.00000000       9.03266573E-06
   17.0000000       6.00000000      -4.87555546E-04
   18.0000000       6.00000000      -1.30812591E-03
   19.0000000       6.00000000      -1.90188480E-03
   20.0000000       6.00000000      -1.99368247E-03
   20.0000000       7.00000000      -1.75246806E-03
   19.0000000       7.00000000      -2.53446237E-03
   18.0000000       7.00000000      -3.04740993E-03
   17.0000000       7.00000000      -3.20244255E-03
   16.0000000       7.00000000      -3.83160100E-03
   15.0000000       7.00000000      -4.61872341E-03
   14.0000000       7.00000000      -5.76424785E-03
   13.0000000       7.00000000      -4.04376350E-03
   12.0000000       7.00000000      -2.36844434E-03
   11.0000000       7.00000000      -2.65677832E-03
   10.0000000       7.00000000      -3.47026763E-03
   9.00000000       7.00000000      -2.51029176E-03
   8.00000000       7.00000000      -5.48104348E-04
   7.00000000       7.00000000       6.93125243E-04
   6.00000000       7.00000000       8.98207712E-04
   5.00000000       7.00000000       2.91337539E-03
   4.00000000       7.00000000       2.22146953E-03
   3.00000000       7.00000000       5.31746424E-04
   2.00000000       7.00000000       1.64065001E-04
   1.00000000       7.00000000      -1.12159923E-03
   0.00000000       7.00000000      -9.11879237E-04
   0.00000000       8.00000000      -7.73693493E-04
   1.00000000       8.00000000      -8.23987124E-04
   2.00000000       8.00000000       6.44540778E-05
   3.00000000       8.00000000      -3.90631658E-06
   4.00000000       8.00000000       3.15190438E-04
   5.00000000       8.00000000      -1.39626162E-03
   6.00000000       8.00000000       6.51133060E-03
   7.00000000       8.00000000      -5.65853482E-03
   8.00000000       8.00000000      -3.30034364E-03
   9.00000000       8.00000000      -3.44512123E-03
   10.0000000       8.00000000      -2.64896685E-03
   11.0000000       8.00000000      -1.24440365E-03
   12.0000000       8.00000000      -9.08460992E-04
   13.0000000       8.00000000      -1.24806608E-03
   14.0000000       8.00000000      -5.61287801E-04
   15.0000000       8.00000000       6.05966256E-04
   16.0000000       8.00000000      -2.60258123E-04
   17.0000000       8.00000000      -4.24078637E-04
   18.0000000       8.00000000      -7.16075068E-04
   19.0000000       8.00000000      -1.44094008E-03
   20.0000000       8.00000000      -2.53910152E-03
   20.0000000       9.00000000      -2.12161476E-03
   19.0000000       9.00000000      -2.28274916E-03
   18.0000000       9.00000000      -6.51377544E-04
   17.0000000       9.00000000      -2.57450226E-03
   16.0000000       9.00000000      -2.49027228E-03
   15.0000000       9.00000000      -2.64017680E-03
   14.0000000       9.00000000      -3.22685600E-03
   13.0000000       9.00000000      -2.72611692E-03
   12.0000000       9.00000000      -2.61649513E-03
   11.0000000       9.00000000      -4.01226897E-03
   10.0000000       9.00000000      -1.32326281E-03
   9.00000000       9.00000000       3.79644363E-04
   8.00000000       9.00000000       1.18166216E-04
   7.00000000       9.00000000       2.78666359E-03
   6.00000000       9.00000000       9.09315702E-03
   5.00000000       9.00000000      -6.27206918E-03
   4.00000000       9.00000000       8.51746462E-03
   3.00000000       9.00000000       5.58333751E-03
   2.00000000       9.00000000      -4.06378275E-03
   1.00000000       9.00000000       1.75588625E-03
   0.00000000       9.00000000      -2.41141394E-03
   0.00000000       10.0000000      -1.22487231E-03
   1.00000000       10.0000000      -6.37705147E-04
   2.00000000       10.0000000       3.33012926E-04
   3.00000000       10.0000000       9.07728798E-04
   4.00000000       10.0000000       4.89045586E-03
   5.00000000       10.0000000       4.18756437E-03
   6.00000000       10.0000000       1.77932391E-03
   7.00000000       10.0000000       1.39528490E-03
   8.00000000       10.0000000       2.28152866E-03
   9.00000000       10.0000000      -5.29500283E-03
   10.0000000       10.0000000      -2.50223582E-03
   11.0000000       10.0000000      -3.36430996E-04
   12.0000000       10.0000000      -1.97488395E-03
   13.0000000       10.0000000       4.07281658E-03
   14.0000000       10.0000000       4.83405922E-04
   15.0000000       10.0000000       1.73269270E-03
   16.0000000       10.0000000      -1.61867662E-04
   17.0000000       10.0000000      -5.63975518E-05
   18.0000000       10.0000000      -9.44594562E-04
   19.0000000       10.0000000      -1.76882604E-03
   20.0000000       10.0000000      -2.28738855E-03
   20.0000000       11.0000000      -2.11648736E-03
   19.0000000       11.0000000      -1.92190474E-03
   18.0000000       11.0000000      -1.63161638E-03
   17.0000000       11.0000000      -1.57668442E-03
   16.0000000       11.0000000      -2.41312268E-03
   15.0000000       11.0000000      -2.02298001E-03
   14.0000000       11.0000000      -2.09182920E-03
   13.0000000       11.0000000      -5.92293858E-04
   12.0000000       11.0000000      -1.60769047E-03
   11.0000000       11.0000000      -1.40407425E-03
   10.0000000       11.0000000       3.85260239E-04
   9.00000000       11.0000000       2.85136211E-03
   8.00000000       11.0000000       5.27400663E-03
   7.00000000       11.0000000       6.11068960E-03
   6.00000000       11.0000000       3.62407952E-03
   5.00000000       11.0000000       2.52347579E-03
   4.00000000       11.0000000       5.83992864E-04
   3.00000000       11.0000000      -2.26321878E-04
   2.00000000       11.0000000      -5.85458532E-04
   1.00000000       11.0000000      -8.81116779E-04
   0.00000000       11.0000000      -2.40848423E-03
   0.00000000       12.0000000      -2.29373644E-03
   1.00000000       12.0000000      -1.26906252E-03
   2.00000000       12.0000000      -1.01051340E-03
   3.00000000       12.0000000      -8.70618736E-04
   4.00000000       12.0000000       6.66512715E-05
   5.00000000       12.0000000       1.16798677E-03
   6.00000000       12.0000000       4.54377104E-03
   7.00000000       12.0000000       5.15559642E-03
   8.00000000       12.0000000       2.18411512E-03
   9.00000000       12.0000000       5.89120376E-04
   10.0000000       12.0000000      -6.73350354E-04
   11.0000000       12.0000000      -6.89707871E-04
   12.0000000       12.0000000       1.05397112E-03
   13.0000000       12.0000000      -1.53566958E-04
   14.0000000       12.0000000      -1.06788741E-03
   15.0000000       12.0000000      -1.14479300E-03
   16.0000000       12.0000000      -1.58547366E-03
   17.0000000       12.0000000      -2.16409564E-03
   18.0000000       12.0000000      -3.05815274E-03
   19.0000000       12.0000000      -3.10063362E-03
   20.0000000       12.0000000      -3.24272504E-03
   20.0000000       13.0000000      -3.45195783E-03
   19.0000000       13.0000000      -3.54888290E-03
   18.0000000       13.0000000      -3.30986478E-03
   17.0000000       13.0000000      -3.03642382E-03
   16.0000000       13.0000000      -3.61968437E-03
   15.0000000       13.0000000      -3.47612798E-03
   14.0000000       13.0000000      -3.42046167E-03
   13.0000000       13.0000000      -2.22342345E-03
   12.0000000       13.0000000      -5.94980142E-04
   11.0000000       13.0000000       3.84283514E-04
   10.0000000       13.0000000       2.29740413E-04
   9.00000000       13.0000000       2.37210700E-03
   8.00000000       13.0000000       2.65360507E-03
   7.00000000       13.0000000       1.73440168E-03
   6.00000000       13.0000000      -1.38014823E-03
   5.00000000       13.0000000      -2.96635437E-03
   4.00000000       13.0000000      -4.25592437E-03
   3.00000000       13.0000000      -3.48442839E-03
   2.00000000       13.0000000      -3.29033379E-03
   1.00000000       13.0000000      -4.46198229E-03
   0.00000000       13.0000000      -5.16609428E-03
   0.00000000       14.0000000      -5.47347264E-03
   1.00000000       14.0000000      -5.06135682E-03
   2.00000000       14.0000000      -4.66120336E-03
   3.00000000       14.0000000      -4.84821899E-03
   4.00000000       14.0000000      -4.60212165E-03
   5.00000000       14.0000000      -4.23688116E-03
   6.00000000       14.0000000      -3.41069675E-03
   7.00000000       14.0000000      -2.03836034E-03
   8.00000000       14.0000000      -2.03567464E-03
   9.00000000       14.0000000      -2.92753591E-03
   10.0000000       14.0000000      -2.99052359E-03
   11.0000000       14.0000000      -3.02323978E-03
   12.0000000       14.0000000      -4.52130940E-03
   13.0000000       14.0000000      -5.53304376E-03
   14.0000000       14.0000000      -6.00595167E-03
   15.0000000       14.0000000      -6.24692114E-03
   16.0000000       14.0000000      -6.16464578E-03
   17.0000000       14.0000000      -7.15587102E-03
   18.0000000       14.0000000      -8.01135413E-03
   19.0000000       14.0000000      -7.87414424E-03
   20.0000000       14.0000000      -8.05602968E-03
   20.0000000       15.0000000      -7.78405508E-03
   19.0000000       15.0000000      -8.24646372E-03
   18.0000000       15.0000000      -7.84606766E-03
   17.0000000       15.0000000      -7.37730926E-03
   16.0000000       15.0000000      -8.15222319E-03
   15.0000000       15.0000000      -8.47229827E-03
   14.0000000       15.0000000      -8.00622720E-03
   13.0000000       15.0000000      -7.93225225E-03
   12.0000000       15.0000000      -8.09045788E-03
   11.0000000       15.0000000      -7.64171639E-03
   10.0000000       15.0000000      -7.64879677E-03
   9.00000000       15.0000000      -8.35266989E-03
   8.00000000       15.0000000      -8.85193981E-03
   7.00000000       15.0000000      -8.76136683E-03
   6.00000000       15.0000000      -8.93153064E-03
   5.00000000       15.0000000      -9.24159586E-03
   4.00000000       15.0000000      -9.68765095E-03
   3.00000000       15.0000000      -1.03671020E-02
   2.00000000       15.0000000      -8.76819994E-03
   1.00000000       15.0000000      -1.05770687E-02
   0.00000000       15.0000000      -1.07389325E-02
   0.00000000       16.0000000      -1.04657356E-02
   1.00000000       16.0000000      -1.04222782E-02
   2.00000000       16.0000000      -1.00602126E-02
   3.00000000       16.0000000      -1.06598306E-02
   4.00000000       16.0000000      -9.73159540E-03
   5.00000000       16.0000000      -1.04908841E-02
   6.00000000       16.0000000      -1.01454193E-02
   7.00000000       16.0000000      -1.02098761E-02
   8.00000000       16.0000000      -1.08155943E-02
   9.00000000       16.0000000      -1.06390808E-02
   10.0000000       16.0000000      -1.05416598E-02
   11.0000000       16.0000000      -1.11986566E-02
   12.0000000       16.0000000      -1.10831773E-02
   13.0000000       16.0000000      -1.22035583E-02
   14.0000000       16.0000000      -1.12426057E-02
   15.0000000       16.0000000      -1.14887031E-02
   16.0000000       16.0000000      -1.15372855E-02
   17.0000000       16.0000000      -1.21225007E-02
   18.0000000       16.0000000      -1.20021366E-02
   19.0000000       16.0000000      -1.19855357E-02
   20.0000000       16.0000000      -1.18004726E-02
   20.0000000       17.0000000      -1.19462293E-02
   19.0000000       17.0000000      -1.17933946E-02
   18.0000000       17.0000000      -1.18358769E-02
   17.0000000       17.0000000      -1.15365544E-02
   16.0000000       17.0000000      -2.89330594E-02
   15.0000000       17.0000000       2.19778647E-03
   14.0000000       17.0000000      -1.29000992E-02
   13.0000000       17.0000000      -1.03841918E-02
   12.0000000       17.0000000      -1.19916359E-02
   11.0000000       17.0000000      -1.16920760E-02
   10.0000000       17.0000000      -1.17936367E-02
   9.00000000       17.0000000      -1.17555503E-02
   8.00000000       17.0000000      -1.20316781E-02
   7.00000000       17.0000000      -1.15897795E-02
   6.00000000       17.0000000      -1.21127311E-02
   5.00000000       17.0000000      -1.21974535E-02
   4.00000000       17.0000000      -1.23588331E-02
   3.00000000       17.0000000      -1.24494089E-02
   2.00000000       17.0000000      -1.19791888E-02
   1.00000000       17.0000000      -1.28063476E-02
   0.00000000       17.0000000      -1.18241562E-02
   0.00000000       18.0000000      -1.30326683E-02
   1.00000000       18.0000000      -1.22875404E-02
   2.00000000       18.0000000      -1.24120582E-02
   3.00000000       18.0000000      -1.26991710E-02
   4.00000000       18.0000000      -1.24645429E-02
   5.00000000       18.0000000      -1.23927705E-02
   6.00000000       18.0000000      -1.22650769E-02
   7.00000000       18.0000000      -1.21017462E-02
   8.00000000       18.0000000      -1.26989242E-02
   9.00000000       18.0000000      -1.28920432E-02
   10.0000000       18.0000000      -1.27768060E-02
   11.0000000       18.0000000      -1.27897421E-02
   12.0000000       18.0000000      -1.24938423E-02
   13.0000000       18.0000000      -1.29203647E-02
   14.0000000       18.0000000      -1.31728044E-02
   15.0000000       18.0000000      -1.27919447E-02
   16.0000000       18.0000000      -1.29364766E-02
   17.0000000       18.0000000      -1.29008349E-02
   18.0000000       18.0000000      -1.29413614E-02
   19.0000000       18.0000000      -1.39709152E-02
   20.0000000       18.0000000      -1.30443890E-02
   20.0000000       19.0000000      -1.24147451E-02
   19.0000000       19.0000000      -1.33361444E-02
   18.0000000       19.0000000      -1.26769496E-02
   17.0000000       19.0000000      -1.26449680E-02
   16.0000000       19.0000000      -1.29875038E-02
   15.0000000       19.0000000      -1.25634260E-02
   14.0000000       19.0000000      -1.29965376E-02
   13.0000000       19.0000000      -1.29354987E-02
   12.0000000       19.0000000      -1.26398457E-02
   11.0000000       19.0000000      -1.26156686E-02
   10.0000000       19.0000000      -1.28563968E-02
   9.00000000       19.0000000      -1.36081185E-02
   8.00000000       19.0000000      -1.24213342E-02
   7.00000000       19.0000000      -1.24860285E-02
   6.00000000       19.0000000      -1.31078633E-02
   5.00000000       19.0000000      -1.31791607E-02
   4.00000000       19.0000000      -1.34140216E-02
   3.00000000       19.0000000      -1.28744692E-02
   2.00000000       19.0000000      -1.30175296E-02
   1.00000000       19.0000000      -1.31251998E-02
   0.00000000       19.0000000      -1.33764287E-02
   0.00000000       20.0000000      -1.38215031E-02
   1.00000000       20.0000000      -1.29972687E-02
   2.00000000       20.0000000      -1.25246039E-02
   3.00000000       20.0000000      -1.33366287E-02
   4.00000000       20.0000000      -1.36796534E-02
   5.00000000       20.0000000      -1.34403920E-02
   6.00000000       20.0000000      -1.32477572E-02
   7.00000000       20.0000000      -1.30971251E-02
   8.00000000       20.0000000      -1.36886872E-02
   9.00000000       20.0000000      -1.34799406E-02
   10.0000000       20.0000000      -1.38007486E-02
   11.0000000       20.0000000      -1.36715975E-02
   12.0000000       20.0000000      -1.17677553E-02
   13.0000000       20.0000000      -1.50038917E-02
   14.0000000       20.0000000      -1.39059788E-02
   15.0000000       20.0000000      -1.38642229E-02
   16.0000000       20.0000000      -1.34189064E-02
   17.0000000       20.0000000      -1.45973926E-02
   18.0000000       20.0000000      -1.32204182E-02
   19.0000000       20.0000000      -1.41808819E-02
   20.0000000       20.0000000      -1.39870271E-02
