   100.000000      0.500000000     -0.191538051    
   200.000000       1.00000000     -0.193783954    
   300.000000       1.50000000     -0.195242032    
   400.000000       2.00000000     -0.196267158    
   500.000000       2.50000000     -0.196937561    
   600.000000       3.00000000     -0.197796986    
   700.000000       3.50000000     -0.196006909    
   800.000000       4.00000000     -0.196471006    
   900.000000       4.50000000     -0.197059900    
   1000.00000       5.00000000     -0.197651923    
   1100.00000       5.50000000     -0.196232736    
   1200.00000       6.00000000     -0.196893379    
   1300.00000       6.50000000     -0.197172701    
   1400.00000       7.00000000     -0.197789609    
   1500.00000       7.50000000     -0.194246858    
   1600.00000       8.00000000     -0.191445515    
   1700.00000       8.50000000     -0.192871407    
   1800.00000       9.00000000     -0.198372170    
   1900.00000       9.50000000     -0.197759882    
   2000.00000       10.0000000     -0.196372658    
   2100.00000       10.5000000     -0.190299466    
   2200.00000       11.0000000     -0.192053258    
   2300.00000       11.5000000     -0.194548383    
   2400.00000       12.0000000     -0.195318177    
   2500.00000       12.5000000     -0.197991595    
   2600.00000       13.0000000     -0.197835803    
   2700.00000       13.5000000     -0.198226213    
   2800.00000       14.0000000     -0.198101938    
   2900.00000       14.5000000     -0.199032590    
   3000.00000       15.0000000     -0.199439839    
   3100.00000       15.5000000     -0.199349016    
   3200.00000       16.0000000     -0.200562865    
   3300.00000       16.5000000     -0.201722845    
   3400.00000       17.0000000     -0.202884912    
   3500.00000       17.5000000     -0.203572676    
   3600.00000       18.0000000     -0.202946976    
   3700.00000       18.5000000     -0.194993258    
   3800.00000       19.0000000     -0.183304340    
   3900.00000       19.5000000     -0.190299988    
   4000.00000       20.0000000     -0.192431897    
   4100.00000       20.5000000     -0.181735173    
   4200.00000       21.0000000     -0.141344905    
   4300.00000       21.5000000     -0.202041656    
   4400.00000       22.0000000     -0.196424365    
   4500.00000       22.5000000     -0.173308119    
   4600.00000       23.0000000     -0.199459583    
   4700.00000       23.5000000     -0.184310913    
   4800.00000       24.0000000     -0.197035313    
   4900.00000       24.5000000     -0.197219267    
   5000.00000       25.0000000      0.211472973    
   5100.00000       25.5000000     -0.538911819    
   5200.00000       26.0000000     -0.205116212    
   5300.00000       26.5000000     -0.210078150    
   5400.00000       27.0000000     -0.208130196    
   5500.00000       27.5000000     -0.209150925    
   5600.00000       28.0000000     -0.206835657    
   5700.00000       28.5000000     -0.209168211    
   5800.00000       29.0000000     -0.204904541    
   5900.00000       29.5000000     -0.210937798    
   6000.00000       30.0000000     -0.205625162    
   5900.00000       30.5000000     -0.207124293    
   5800.00000       31.0000000     -0.202535331    
   5700.00000       31.5000000     -0.195224598    
   5600.00000       32.0000000     -0.205440685    
   5500.00000       32.5000000     -0.202459335    
   5400.00000       33.0000000     -0.200724989    
   5300.00000       33.5000000     -0.199708655    
   5200.00000       34.0000000     -0.197392642    
   5100.00000       34.5000000     -0.196534261    
   5000.00000       35.0000000     -0.192567870    
   4900.00000       35.5000000     -0.193469018    
   4800.00000       36.0000000     -0.190683842    
   4700.00000       36.5000000     -0.187884510    
   4600.00000       37.0000000     -0.189611778    
   4500.00000       37.5000000     -0.180738658    
   4400.00000       38.0000000     -0.186984554    
   4300.00000       38.5000000     -0.197284758    
   4200.00000       39.0000000     -0.199723780    
   4100.00000       39.5000000     -0.201027483    
   4000.00000       40.0000000     -0.207470670    
   3900.00000       40.5000000     -0.209799349    
   3800.00000       41.0000000     -0.210512966    
   3700.00000       41.5000000     -0.206512228    
   3600.00000       42.0000000     -0.201839671    
   3500.00000       42.5000000     -0.204932109    
   3400.00000       43.0000000     -0.211527660    
   3300.00000       43.5000000     -0.213527992    
   3200.00000       44.0000000     -0.216655374    
   3100.00000       44.5000000     -0.217428893    
   3000.00000       45.0000000     -0.215640679    
   2900.00000       45.5000000     -0.216738224    
   2800.00000       46.0000000     -0.214807257    
   2700.00000       46.5000000     -0.214000285    
   2600.00000       47.0000000     -0.214729324    
   2500.00000       47.5000000     -0.214170009    
   2400.00000       48.0000000     -0.212360188    
   2300.00000       48.5000000     -0.212005988    
   2200.00000       49.0000000     -0.212266609    
   2100.00000       49.5000000     -0.210018843    
   2000.00000       50.0000000     -0.207562983    
   1900.00000       50.5000000     -0.205844209    
   1800.00000       51.0000000     -0.210335270    
   1700.00000       51.5000000     -0.214897633    
   1600.00000       52.0000000     -0.215012297    
   1500.00000       52.5000000     -0.212355867    
   1400.00000       53.0000000     -0.210426986    
   1300.00000       53.5000000     -0.210727841    
   1200.00000       54.0000000     -0.212703958    
   1100.00000       54.5000000     -0.212759092    
   1000.00000       55.0000000     -0.214589700    
   900.000000       55.5000000     -0.213667840    
   800.000000       56.0000000     -0.212200001    
   700.000000       56.5000000     -0.211942956    
   600.000000       57.0000000     -0.213960052    
   500.000000       57.5000000     -0.214517877    
   400.000000       58.0000000     -0.214425191    
   300.000000       58.5000000     -0.216071695    
   200.000000       59.0000000     -0.210590601    
   100.000000       59.5000000     -0.212034747    
   0.00000000       60.0000000     -0.168243513    
   100.000000       60.5000000     -0.221732125    
   200.000000       61.0000000     -0.203508675    
   300.000000       61.5000000     -0.217450351    
   400.000000       62.0000000     -0.207952946    
   500.000000       62.5000000     -0.214561909    
   600.000000       63.0000000     -0.212142631    
   700.000000       63.5000000     -0.211441234    
   800.000000       64.0000000     -0.211994961    
   900.000000       64.5000000     -0.211126000    
   1000.00000       65.0000000     -0.212493032    
   1100.00000       65.5000000     -0.211992055    
   1200.00000       66.0000000     -0.212558895    
   1300.00000       66.5000000     -0.211758181    
   1400.00000       67.0000000     -0.212718785    
   1500.00000       67.5000000     -0.209782511    
   1600.00000       68.0000000     -0.209587380    
   1700.00000       68.5000000     -0.210124865    
   1800.00000       69.0000000     -0.211314946    
   1900.00000       69.5000000     -0.211225912    
   2000.00000       70.0000000     -0.207915545    
   2100.00000       70.5000000     -0.203941330    
   2200.00000       71.0000000     -0.204029247    
   2300.00000       71.5000000     -0.204880103    
   2400.00000       72.0000000     -0.206261665    
   2500.00000       72.5000000     -0.207011715    
   2600.00000       73.0000000     -0.207097396    
   2700.00000       73.5000000     -0.207504943    
   2800.00000       74.0000000     -0.207988337    
   2900.00000       74.5000000     -0.209969223    
   3000.00000       75.0000000     -0.211676374    
   3100.00000       75.5000000     -0.211377457    
   3200.00000       76.0000000     -0.211647838    
   3300.00000       76.5000000     -0.212181747    
   3400.00000       77.0000000     -0.213318929    
   3500.00000       77.5000000     -0.212714911    
   3600.00000       78.0000000     -0.211418062    
   3700.00000       78.5000000     -0.204792932    
   3800.00000       79.0000000     -0.194422916    
   3900.00000       79.5000000     -0.200064123    
   4000.00000       80.0000000     -0.205779761    
   4100.00000       80.5000000     -0.206835359    
   4200.00000       81.0000000     -0.208139434    
   4300.00000       81.5000000     -0.206744835    
   4400.00000       82.0000000     -0.202678233    
   4500.00000       82.5000000     -0.199445352    
   4600.00000       83.0000000     -0.190209463    
   4700.00000       83.5000000     -0.199369058    
   4800.00000       84.0000000     -0.204473823    
   4900.00000       84.5000000     -0.209374815    
   5000.00000       85.0000000     -0.211311817    
   5100.00000       85.5000000     -0.209748834    
   5200.00000       86.0000000     -0.207780018    
   5300.00000       86.5000000     -0.208756641    
   5400.00000       87.0000000     -0.211716384    
   5500.00000       87.5000000     -0.213507876    
   5600.00000       88.0000000     -0.214902773    
   5700.00000       88.5000000     -0.213444397    
   5800.00000       89.0000000     -0.197042540    
   5900.00000       89.5000000     -0.240948290    
   6000.00000       90.0000000     -0.184341162    
   5900.00000       90.5000000     -0.214684695    
   5800.00000       91.0000000     -0.208777875    
   5700.00000       91.5000000     -0.210244671    
   5600.00000       92.0000000     -0.210249364    
   5500.00000       92.5000000     -0.211302504    
   5400.00000       93.0000000     -0.209490746    
   5300.00000       93.5000000     -0.208327860    
   5200.00000       94.0000000     -0.209479570    
   5100.00000       94.5000000     -0.209878176    
   5000.00000       95.0000000     -0.209661886    
   4900.00000       95.5000000     -0.207558587    
   4800.00000       96.0000000     -0.201801449    
   4700.00000       96.5000000     -0.202833876    
   4600.00000       97.0000000     -0.196837798    
   4500.00000       97.5000000     -0.190520450    
   4400.00000       98.0000000     -0.182834357    
   4300.00000       98.5000000     -0.194478497    
   4200.00000       99.0000000     -0.204700246    
   4100.00000       99.5000000     -0.211365461    
   4000.00000       100.000000     -0.214308217    
   3900.00000       100.500000     -0.215035319    
   3800.00000       101.000000     -0.214067489    
   3700.00000       101.500000     -0.208984628    
   3600.00000       102.000000     -0.202128306    
   3500.00000       102.500000     -0.205561459    
   3400.00000       103.000000     -0.212114394    
   3300.00000       103.500000     -0.215811595    
   3200.00000       104.000000     -0.218127161    
   3100.00000       104.500000     -0.217615083    
   3000.00000       105.000000     -0.219969466    
   2900.00000       105.500000     -0.218854710    
   2800.00000       106.000000     -0.214423925    
   2700.00000       106.500000     -0.215669066    
   2600.00000       107.000000     -0.215986684    
   2500.00000       107.500000     -0.213874370    
   2400.00000       108.000000     -0.213624328    
   2300.00000       108.500000     -0.214868054    
   2200.00000       109.000000     -0.212758422    
   2100.00000       109.500000     -0.211344972    
   2000.00000       110.000000     -0.207574531    
   1900.00000       110.500000     -0.209042519    
   1800.00000       111.000000     -0.212815046    
   1700.00000       111.500000     -0.215050593    
   1600.00000       112.000000     -0.216127872    
   1500.00000       112.500000     -0.215490624    
   1400.00000       113.000000     -0.214897782    
   1300.00000       113.500000     -0.214035973    
   1200.00000       114.000000     -0.215551123    
   1100.00000       114.500000     -0.214642450    
   1000.00000       115.000000     -0.215484291    
   900.000000       115.500000     -0.214967147    
   800.000000       116.000000     -0.213019118    
   700.000000       116.500000     -0.215787455    
   600.000000       117.000000     -0.215698868    
   500.000000       117.500000     -0.216396391    
   400.000000       118.000000     -0.215581670    
   300.000000       118.500000     -0.215431765    
   200.000000       119.000000     -0.214380264    
   100.000000       119.500000     -0.212160960    
   0.00000000       120.000000     -0.216193959    
   100.000000       120.500000     -0.214815527    
   200.000000       121.000000     -0.213933900    
   300.000000       121.500000     -0.213706136    
   400.000000       122.000000     -0.213229820    
   500.000000       122.500000     -0.213867068    
   600.000000       123.000000     -0.212681755    
   700.000000       123.500000     -0.213139966    
   800.000000       124.000000     -0.212148219    
   900.000000       124.500000     -0.213605329    
   1000.00000       125.000000     -0.212662458    
   1100.00000       125.500000     -0.213163361    
   1200.00000       126.000000     -0.212838739    
   1300.00000       126.500000     -0.212883592    
   1400.00000       127.000000     -0.212839708    
   1500.00000       127.500000     -0.210534200    
   1600.00000       128.000000     -0.211675331    
   1700.00000       128.500000     -0.212588027    
   1800.00000       129.000000     -0.210986376    
   1900.00000       129.500000     -0.212413162    
   2000.00000       130.000000     -0.208915338    
   2100.00000       130.500000     -0.205107123    
   2200.00000       131.000000     -0.204155982    
   2300.00000       131.500000     -0.206877679    
   2400.00000       132.000000     -0.208112016    
   2500.00000       132.500000     -0.208750531    
   2600.00000       133.000000     -0.208924651    
   2700.00000       133.500000     -0.206418425    
   2800.00000       134.000000     -0.210395768    
   2900.00000       134.500000     -0.209779605    
   3000.00000       135.000000     -0.210130900    
   3100.00000       135.500000     -0.211716160    
   3200.00000       136.000000     -0.211255416    
   3300.00000       136.500000     -0.210471466    
   3400.00000       137.000000     -0.210242212    
   3500.00000       137.500000     -0.211345494    
   3600.00000       138.000000     -0.211757585    
   3700.00000       138.500000     -0.206669882    
   3800.00000       139.000000     -0.196964458    
   3900.00000       139.500000     -0.201245487    
   4000.00000       140.000000     -0.207625270    
   4100.00000       140.500000     -0.209608465    
   4200.00000       141.000000     -0.211923212    
   4300.00000       141.500000     -0.210580841    
   4400.00000       142.000000     -0.203425974    
   4500.00000       142.500000     -0.182528436    
   4600.00000       143.000000     -0.191448271    
   4700.00000       143.500000     -0.196621135    
   4800.00000       144.000000     -0.200100705    
   4900.00000       144.500000     -0.206520274    
   5000.00000       145.000000     -0.210367680    
   5100.00000       145.500000     -0.210709065    
   5200.00000       146.000000     -0.211659759    
   5300.00000       146.500000     -0.213914230    
   5400.00000       147.000000     -0.239912286    
   5500.00000       147.500000     -0.180197597    
   5600.00000       148.000000     -0.213500127    
   5700.00000       148.500000     -0.209167019    
   5800.00000       149.000000     -0.209101155    
   5900.00000       149.500000     -0.213680953    
   6000.00000       150.000000     -0.210670024    
   5900.00000       150.500000     -0.213939562    
   5800.00000       151.000000     -0.207859889    
   5700.00000       151.500000     -0.208835468    
   5600.00000       152.000000     -0.208690703    
   5500.00000       152.500000     -0.208604500    
   5400.00000       153.000000     -0.209733859    
   5300.00000       153.500000     -0.208847910    
   5200.00000       154.000000     -0.208458766    
   5100.00000       154.500000     -0.208480224    
   5000.00000       155.000000     -0.206091046    
   4900.00000       155.500000     -0.207796931    
   4800.00000       156.000000     -0.205912828    
   4700.00000       156.500000     -0.204157919    
   4600.00000       157.000000     -0.197972298    
   4500.00000       157.500000     -0.187126115    
   4400.00000       158.000000     -0.180438027    
   4300.00000       158.500000     -0.193532944    
   4200.00000       159.000000     -0.201310977    
   4100.00000       159.500000     -0.207973361    
   4000.00000       160.000000     -0.210483238    
   3900.00000       160.500000     -0.215343103    
   3800.00000       161.000000     -0.215160489    
   3700.00000       161.500000     -0.211053059    
   3600.00000       162.000000     -0.199698597    
   3500.00000       162.500000     -0.200588495    
   3400.00000       163.000000     -0.206019968    
   3300.00000       163.500000     -0.213563383    
   3200.00000       164.000000     -0.213927343    
   3100.00000       164.500000     -0.214481518    
   3000.00000       165.000000     -0.214474663    
   2900.00000       165.500000     -0.212595254    
   2800.00000       166.000000     -0.214881465    
   2700.00000       166.500000     -0.213781610    
   2600.00000       167.000000     -0.209819615    
   2500.00000       167.500000     -0.212933660    
   2400.00000       168.000000     -0.211933196    
   2300.00000       168.500000     -0.210533753    
   2200.00000       169.000000     -0.208826676    
   2100.00000       169.500000     -0.207069084    
   2000.00000       170.000000     -0.204003170    
   1900.00000       170.500000     -0.205697954    
   1800.00000       171.000000     -0.206852272    
   1700.00000       171.500000     -0.209196821    
   1600.00000       172.000000     -0.208980680    
   1500.00000       172.500000     -0.211345494    
   1400.00000       173.000000     -0.209409162    
   1300.00000       173.500000     -0.207273901    
   1200.00000       174.000000     -0.208521277    
   1100.00000       174.500000     -0.209723204    
   1000.00000       175.000000     -0.210292280    
   900.000000       175.500000     -0.207428947    
   800.000000       176.000000     -0.211610436    
   700.000000       176.500000     -0.207682863    
   600.000000       177.000000     -0.212636307    
   500.000000       177.500000     -0.212521568    
   400.000000       178.000000     -0.212564781    
   300.000000       178.500000     -0.212385297    
   200.000000       179.000000     -0.212288737    
   100.000000       179.500000     -0.210984662    
   0.00000000       180.000000     -0.208549067    
   100.000000       180.500000     -0.213012040    
   200.000000       181.000000     -0.209878474    
   300.000000       181.500000     -0.210541800    
   400.000000       182.000000     -0.209030002    
   500.000000       182.500000     -0.208867952    
   600.000000       183.000000     -0.209536940    
   700.000000       183.500000     -0.209421381    
   800.000000       184.000000     -0.210888475    
   900.000000       184.500000     -0.210366264    
   1000.00000       185.000000     -0.210269332    
   1100.00000       185.500000     -0.209977791    
   1200.00000       186.000000     -0.211159229    
   1300.00000       186.500000     -0.210446283    
   1400.00000       187.000000     -0.211643666    
   1500.00000       187.500000     -0.210316196    
   1600.00000       188.000000     -0.210073531    
   1700.00000       188.500000     -0.210591644    
   1800.00000       189.000000     -0.211469546    
   1900.00000       189.500000     -0.210407317    
   2000.00000       190.000000     -0.206864268    
   2100.00000       190.500000     -0.203639358    
   2200.00000       191.000000     -0.203112230    
   2300.00000       191.500000     -0.204875186    
   2400.00000       192.000000     -0.206085905    
   2500.00000       192.500000     -0.207372546    
   2600.00000       193.000000     -0.207524613    
   2700.00000       193.500000     -0.208468527    
   2800.00000       194.000000     -0.207630187    
   2900.00000       194.500000     -0.206479222    
   3000.00000       195.000000     -0.210421920    
   3100.00000       195.500000     -0.210439727    
   3200.00000       196.000000     -0.211173609    
   3300.00000       196.500000     -0.211522296    
   3400.00000       197.000000     -0.211767420    
   3500.00000       197.500000     -0.212891713    
   3600.00000       198.000000     -0.211533248    
   3700.00000       198.500000     -0.207958981    
   3800.00000       199.000000     -0.201072633    
   3900.00000       199.500000     -0.202081963    
   4000.00000       200.000000     -0.208529770    
   4100.00000       200.500000     -0.214846596    
   4200.00000       201.000000     -0.212841347    
   4300.00000       201.500000     -0.211264431    
   4400.00000       202.000000     -0.204787120    
   4500.00000       202.500000     -0.189396456    
   4600.00000       203.000000     -0.190014109    
   4700.00000       203.500000     -0.195026189    
   4800.00000       204.000000     -0.200031340    
   4900.00000       204.500000     -0.205861345    
   5000.00000       205.000000     -0.208684295    
   5100.00000       205.500000     -0.199457943    
   5200.00000       206.000000     -0.210886762    
   5300.00000       206.500000     -0.216126084    
   5400.00000       207.000000     -0.206793413    
   5500.00000       207.500000     -0.212262064    
   5600.00000       208.000000     -0.211147532    
   5700.00000       208.500000     -0.213439777    
   5800.00000       209.000000     -0.211645380    
   5900.00000       209.500000     -0.211745888    
   6000.00000       210.000000     -0.210850403    
   5900.00000       210.500000     -0.212061122    
   5800.00000       211.000000     -0.207676530    
   5700.00000       211.500000     -0.206007004    
   5600.00000       212.000000     -0.209097207    
   5500.00000       212.500000     -0.208412647    
   5400.00000       213.000000     -0.206607893    
   5300.00000       213.500000     -0.207363307    
   5200.00000       214.000000     -0.208165511    
   5100.00000       214.500000     -0.207499504    
   5000.00000       215.000000     -0.206700951    
   4900.00000       215.500000     -0.205349788    
   4800.00000       216.000000     -0.203710437    
   4700.00000       216.500000     -0.201978698    
   4600.00000       217.000000     -0.194397956    
   4500.00000       217.500000     -0.187391281    
   4400.00000       218.000000     -0.181293055    
   4300.00000       218.500000     -0.190812290    
   4200.00000       219.000000     -0.200936884    
   4100.00000       219.500000     -0.207455844    
   4000.00000       220.000000     -0.211764961    
   3900.00000       220.500000     -0.214411482    
   3800.00000       221.000000     -0.214713752    
   3700.00000       221.500000     -0.211749092    
   3600.00000       222.000000     -0.205034107    
   3500.00000       222.500000     -0.195389926    
   3400.00000       223.000000     -0.215344369    
   3300.00000       223.500000     -0.207662895    
   3200.00000       224.000000     -0.214139014    
   3100.00000       224.500000     -0.212589219    
   3000.00000       225.000000     -0.211378202    
   2900.00000       225.500000     -0.208378449    
   2800.00000       226.000000     -0.209644005    
   2700.00000       226.500000     -0.209484860    
   2600.00000       227.000000     -0.211159006    
   2500.00000       227.500000     -0.210045218    
   2400.00000       228.000000     -0.207575202    
   2300.00000       228.500000     -0.211594045    
   2200.00000       229.000000     -0.205675527    
   2100.00000       229.500000     -0.205105931    
   2000.00000       230.000000     -0.202851236    
   1900.00000       230.500000     -0.200871244    
   1800.00000       231.000000     -0.204978228    
   1700.00000       231.500000     -0.208405793    
   1600.00000       232.000000     -0.207760200    
   1500.00000       232.500000     -0.206810549    
   1400.00000       233.000000     -0.207045913    
   1300.00000       233.500000     -0.208053976    
   1200.00000       234.000000     -0.208203435    
   1100.00000       234.500000     -0.212008595    
   1000.00000       235.000000     -0.210879385    
   900.000000       235.500000     -0.208600104    
   800.000000       236.000000     -0.208050326    
   700.000000       236.500000     -0.207266822    
   600.000000       237.000000     -0.203971878    
   500.000000       237.500000     -0.205957234    
   400.000000       238.000000     -0.213283539    
   300.000000       238.500000     -0.211033016    
   200.000000       239.000000     -0.211129948    
   100.000000       239.500000     -0.210723445    
   0.00000000       240.000000     -0.209430024    
   100.000000       240.500000     -0.210526600    
   200.000000       241.000000     -0.207569391    
   300.000000       241.500000     -0.205671057    
   400.000000       242.000000     -0.209715679    
   500.000000       242.500000     -0.208910868    
   600.000000       243.000000     -0.209911183    
   700.000000       243.500000     -0.209508851    
   800.000000       244.000000     -0.206472218    
   900.000000       244.500000     -0.208026111    
   1000.00000       245.000000     -0.203071475    
   1100.00000       245.500000     -0.202318966    
   1200.00000       246.000000     -0.205696762    
   1300.00000       246.500000     -0.208192110    
   1400.00000       247.000000     -0.207266599    
   1500.00000       247.500000     -0.208734661    
   1600.00000       248.000000     -0.203181073    
   1700.00000       248.500000     -0.204110309    
   1800.00000       249.000000     -0.207003146    
   1900.00000       249.500000     -0.207719222    
   2000.00000       250.000000     -0.204201356    
   2100.00000       250.500000     -0.198855639    
   2200.00000       251.000000     -0.199272573    
   2300.00000       251.500000     -0.201361194    
   2400.00000       252.000000     -0.199005023    
   2500.00000       252.500000     -0.202971339    
   2600.00000       253.000000     -0.202214062    
   2700.00000       253.500000     -0.197365820    
   2800.00000       254.000000     -0.203532144    
   2900.00000       254.500000     -0.205553263    
   3000.00000       255.000000     -0.204726472    
   3100.00000       255.500000     -0.203175485    
   3200.00000       256.000000     -0.200879291    
   3300.00000       256.500000     -0.205794662    
   3400.00000       257.000000     -0.204498485    
   3500.00000       257.500000     -0.208841801    
   3600.00000       258.000000     -0.204071492    
   3700.00000       258.500000     -0.202162504    
   3800.00000       259.000000     -0.195888445    
   3900.00000       259.500000     -0.198573858    
   4000.00000       260.000000     -0.201512888    
   4100.00000       260.500000     -0.203090996    
   4200.00000       261.000000     -0.203577816    
   4300.00000       261.500000     -0.201128587    
   4400.00000       262.000000     -0.195467114    
   4500.00000       262.500000     -0.180525273    
   4600.00000       263.000000     -0.186834201    
   4700.00000       263.500000     -0.187448204    
   4800.00000       264.000000     -0.194392592    
   4900.00000       264.500000     -0.199749410    
   5000.00000       265.000000     -0.204726771    
   5100.00000       265.500000     -0.208000034    
   5200.00000       266.000000     -0.235232130    
   5300.00000       266.500000       4.82492931E-02
   5400.00000       267.000000     -0.403981745    
   5500.00000       267.500000     -0.209737137    
   5600.00000       268.000000     -0.211835742    
   5700.00000       268.500000     -0.211270615    
   5800.00000       269.000000     -0.210863069    
   5900.00000       269.500000     -0.210919172    
   6000.00000       270.000000     -0.209773049    
   5900.00000       270.500000     -0.201830953    
   5800.00000       271.000000     -0.189475581    
   5700.00000       271.500000     -0.209369823    
   5600.00000       272.000000     -0.207557395    
   5500.00000       272.500000     -0.205043197    
   5400.00000       273.000000     -0.205240712    
   5300.00000       273.500000     -0.201756448    
   5200.00000       274.000000     -0.205485091    
   5100.00000       274.500000     -0.200696453    
   5000.00000       275.000000     -0.202253029    
   4900.00000       275.500000     -0.200831905    
   4800.00000       276.000000     -0.200882196    
   4700.00000       276.500000     -0.199586540    
   4600.00000       277.000000     -0.196217686    
   4500.00000       277.500000     -0.190658435    
   4400.00000       278.000000     -0.181947589    
   4300.00000       278.500000     -0.186574101    
   4200.00000       279.000000     -0.192653850    
   4100.00000       279.500000     -0.202311665    
   4000.00000       280.000000     -0.206638664    
   3900.00000       280.500000     -0.216094345    
   3800.00000       281.000000     -0.219282597    
   3700.00000       281.500000     -0.214987636    
   3600.00000       282.000000     -0.205999032    
   3500.00000       282.500000     -0.207181439    
   3400.00000       283.000000     -0.211311072    
   3300.00000       283.500000     -0.213315278    
   3200.00000       284.000000     -0.214444712    
   3100.00000       284.500000     -0.215587556    
   3000.00000       285.000000     -0.214669719    
   2900.00000       285.500000     -0.215419322    
   2800.00000       286.000000     -0.208652854    
   2700.00000       286.500000     -0.214829236    
   2600.00000       287.000000     -0.213866249    
   2500.00000       287.500000     -0.212541088    
   2400.00000       288.000000     -0.208794713    
   2300.00000       288.500000     -0.208691150    
   2200.00000       289.000000     -0.211286709    
   2100.00000       289.500000     -0.208155006    
   2000.00000       290.000000     -0.205388680    
   1900.00000       290.500000     -0.205628812    
   1800.00000       291.000000     -0.209675297    
   1700.00000       291.500000     -0.212097481    
   1600.00000       292.000000     -0.209182441    
   1500.00000       292.500000     -0.210443154    
   1400.00000       293.000000     -0.202857345    
   1300.00000       293.500000     -0.215163991    
   1200.00000       294.000000     -0.199267432    
   1100.00000       294.500000     -0.207436994    
   1000.00000       295.000000     -0.207064167    
   900.000000       295.500000     -0.209741458    
   800.000000       296.000000     -0.204892322    
   700.000000       296.500000     -0.209812835    
   600.000000       297.000000     -0.211481988    
   500.000000       297.500000     -0.210066229    
   400.000000       298.000000     -0.212058589    
   300.000000       298.500000     -0.210892871    
   200.000000       299.000000     -0.210193411    
   100.000000       299.500000     -0.210811809    
   0.00000000       300.000000     -0.208960265    
   100.000000       300.500000     -0.211701408    
   200.000000       301.000000     -0.209742725    
   300.000000       301.500000     -0.206873059    
   400.000000       302.000000     -0.208341792    
   500.000000       302.500000     -0.207011268    
   600.000000       303.000000     -0.189380065    
   700.000000       303.500000     -0.218232065    
   800.000000       304.000000     -0.210064739    
   900.000000       304.500000     -0.210495383    
   1000.00000       305.000000     -0.210032478    
   1100.00000       305.500000     -0.210410520    
   1200.00000       306.000000     -0.210223883    
   1300.00000       306.500000     -0.210638508    
   1400.00000       307.000000     -0.210748106    
   1500.00000       307.500000     -0.210735142    
   1600.00000       308.000000     -0.210439280    
   1700.00000       308.500000     -0.211236641    
   1800.00000       309.000000     -0.211077198    
   1900.00000       309.500000     -0.210334301    
   2000.00000       310.000000     -0.207829863    
   2100.00000       310.500000     -0.204507053    
   2200.00000       311.000000     -0.203940138    
   2300.00000       311.500000     -0.204612032    
   2400.00000       312.000000     -0.206324920    
   2500.00000       312.500000     -0.207090765    
   2600.00000       313.000000     -0.207829341    
   2700.00000       313.500000     -0.208259314    
   2800.00000       314.000000     -0.208269075    
   2900.00000       314.500000     -0.208875775    
   3000.00000       315.000000     -0.209468246    
   3100.00000       315.500000     -0.210323125    
   3200.00000       316.000000     -0.210381612    
   3300.00000       316.500000     -0.210751534    
   3400.00000       317.000000     -0.211686805    
   3500.00000       317.500000     -0.211200580    
   3600.00000       318.000000     -0.209639460    
   3700.00000       318.500000     -0.208340824    
   3800.00000       319.000000     -0.202516332    
   3900.00000       319.500000     -0.204734594    
   4000.00000       320.000000     -0.210699752    
   4100.00000       320.500000     -0.213350371    
   4200.00000       321.000000     -0.210010275    
   4300.00000       321.500000     -0.208769530    
   4400.00000       322.000000     -0.202575341    
   4500.00000       322.500000     -0.189605668    
   4600.00000       323.000000     -0.187435314    
   4700.00000       323.500000     -0.195040569    
   4800.00000       324.000000     -0.201996505    
   4900.00000       324.500000     -0.206408665    
   5000.00000       325.000000     -0.210824773    
   5100.00000       325.500000     -0.211876720    
   5200.00000       326.000000     -0.155809015    
   5300.00000       326.500000     -0.264131010    
   5400.00000       327.000000     -0.210281998    
   5500.00000       327.500000     -0.196614355    
   5600.00000       328.000000     -0.205207258    
   5700.00000       328.500000     -0.212436855    
   5800.00000       329.000000     -0.215126142    
   5900.00000       329.500000     -0.213012934    
   6000.00000       330.000000     -0.211294979    
   5900.00000       330.500000     -0.213541627    
   5800.00000       331.000000     -0.154807284    
   5700.00000       331.500000     -0.195196584    
   5600.00000       332.000000     -0.194748580    
   5500.00000       332.500000     -0.195504442    
   5400.00000       333.000000     -0.190973371    
   5300.00000       333.500000     -0.190045625    
   5200.00000       334.000000     -0.186855361    
   5100.00000       334.500000     -0.178033724    
   5000.00000       335.000000     -0.171698198    
   4900.00000       335.500000     -0.163287386    
   4800.00000       336.000000     -0.150690019    
   4700.00000       336.500000     -0.135786027    
   4600.00000       337.000000      -8.19358304E-02
   4500.00000       337.500000      -4.66946559E-03
   4400.00000       338.000000      -2.31646392E-02
   4300.00000       338.500000      -7.93567002E-02
   4200.00000       339.000000     -0.116712943    
   4100.00000       339.500000     -0.134459853    
   4000.00000       340.000000     -0.143004596    
   3900.00000       340.500000     -0.140369102    
   3800.00000       341.000000     -0.139204308    
   3700.00000       341.500000     -0.147845238    
   3600.00000       342.000000     -0.177939028    
   3500.00000       342.500000     -0.196310848    
   3400.00000       343.000000     -0.205128908    
   3300.00000       343.500000     -0.212516874    
   3200.00000       344.000000     -0.217736229    
   3100.00000       344.500000     -0.229614541    
   3000.00000       345.000000     -0.241208836    
   2900.00000       345.500000     -0.270585656    
   2800.00000       346.000000     -0.304141074    
   2700.00000       346.500000     -0.389659941    
   2600.00000       347.000000     -0.634805024    
   2500.00000       347.500000     -0.859948158    
   2400.00000       348.000000     -0.664020956    
   2300.00000       348.500000     -0.549494088    
   2200.00000       349.000000     -0.536878586    
   2100.00000       349.500000     -0.510093153    
   2000.00000       350.000000     -0.510334730    
   1900.00000       350.500000     -0.505827427    
   1800.00000       351.000000     -0.511067688    
   1700.00000       351.500000     -0.506392896    
   1600.00000       352.000000     -0.497396022    
   1500.00000       352.500000     -0.537554204    
   1400.00000       353.000000     -0.472604364    
   1300.00000       353.500000     -0.414532006    
   1200.00000       354.000000     -0.391697764    
   1100.00000       354.500000     -0.384458333    
   1000.00000       355.000000     -0.372290492    
   900.000000       355.500000     -0.360890508    
   800.000000       356.000000     -0.358157337    
   700.000000       356.500000     -0.291825563    
   600.000000       357.000000     -0.411555201    
   500.000000       357.500000     -0.361219376    
   400.000000       358.000000     -0.357532382    
   300.000000       358.500000     -0.354111969    
   200.000000       359.000000     -0.351202667    
   100.000000       359.500000     -0.346596271    
   0.00000000       360.000000     -0.339597195    
   100.000000       360.500000     -0.345067263    
   200.000000       361.000000     -0.345613390    
   300.000000       361.500000     -0.342358232    
   400.000000       362.000000     -0.341535687    
   500.000000       362.500000     -0.342359275    
   600.000000       363.000000     -0.341477275    
   700.000000       363.500000     -0.344730496    
   800.000000       364.000000     -0.346029729    
   900.000000       364.500000     -0.348629087    
   1000.00000       365.000000     -0.355528176    
   1100.00000       365.500000     -0.368397117    
   1200.00000       366.000000     -0.392179072    
   1300.00000       366.500000     -0.453563064    
   1400.00000       367.000000     -0.596741498    
   1500.00000       367.500000     -0.663297653    
   1600.00000       368.000000     -0.563559413    
   1700.00000       368.500000     -0.538191855    
   1800.00000       369.000000     -0.527803361    
   1900.00000       369.500000     -0.526269853    
   2000.00000       370.000000     -0.524348497    
   2100.00000       370.500000     -0.531599104    
   2200.00000       371.000000     -0.537778914    
   2300.00000       371.500000     -0.547607720    
   2400.00000       372.000000     -0.556034625    
   2500.00000       372.500000     -0.543206513    
   2600.00000       373.000000     -0.482811809    
   2700.00000       373.500000     -0.464579791    
   2800.00000       374.000000     -0.442955077    
   2900.00000       374.500000     -0.439552248    
   3000.00000       375.000000     -0.430250794    
   3100.00000       375.500000     -0.425220311    
   3200.00000       376.000000     -0.418244332    
   3300.00000       376.500000     -0.399671376    
   3400.00000       377.000000     -0.370564342    
   3500.00000       377.500000     -0.324653268    
   3600.00000       378.000000     -0.262203693    
   3700.00000       378.500000     -0.132404134    
   3800.00000       379.000000       6.41986774E-03
   3900.00000       379.500000      -5.92584200E-02
   4000.00000       380.000000     -0.120092414    
   4100.00000       380.500000     -0.165610924    
   4200.00000       381.000000     -0.171100289    
   4300.00000       381.500000     -0.165453643    
   4400.00000       382.000000     -0.167660058    
   4500.00000       382.500000     -0.180682704    
   4600.00000       383.000000     -0.198555306    
   4700.00000       383.500000     -0.210337430    
   4800.00000       384.000000     -0.219198704    
   4900.00000       384.500000     -0.224444807    
   5000.00000       385.000000     -0.230122671    
   5100.00000       385.500000     -0.240211725    
   5200.00000       386.000000     -0.239271984    
   5300.00000       386.500000     -0.247876585    
   5400.00000       387.000000     -0.246095821    
   5500.00000       387.500000     -0.239350140    
   5600.00000       388.000000     -0.247823834    
   5700.00000       388.500000     -0.260673255    
   5800.00000       389.000000     -0.263118982    
   5900.00000       389.500000     -0.256881803    
   6000.00000       390.000000     -0.264787257    
   5900.00000       390.500000     -0.256524920    
   5800.00000       391.000000     -0.227972806    
   5700.00000       391.500000     -0.237781420    
   5600.00000       392.000000     -0.227609739    
   5500.00000       392.500000     -0.223773435    
   5400.00000       393.000000     -0.218684018    
   5300.00000       393.500000     -0.208659410    
   5200.00000       394.000000     -0.214166880    
   5100.00000       394.500000     -0.203887835    
   5000.00000       395.000000     -0.193622351    
   4900.00000       395.500000     -0.191171110    
   4800.00000       396.000000     -0.185235456    
   4700.00000       396.500000     -0.175512448    
   4600.00000       397.000000     -0.155277044    
   4500.00000       397.500000     -0.143744662    
   4400.00000       398.000000     -0.147349402    
   4300.00000       398.500000     -0.161926314    
   4200.00000       399.000000     -0.179412976    
   4100.00000       399.500000     -0.188493520    
   4000.00000       400.000000     -0.192765161    
   3900.00000       400.500000     -0.196037978    
   3800.00000       401.000000     -0.197988614    
   3700.00000       401.500000     -0.206963807    
   3600.00000       402.000000     -0.220854670    
   3500.00000       402.500000     -0.239112094    
   3400.00000       403.000000     -0.249777004    
   3300.00000       403.500000     -0.266637146    
   3200.00000       404.000000     -0.273463905    
   3100.00000       404.500000     -0.287643850    
   3000.00000       405.000000     -0.320959032    
   2900.00000       405.500000     -0.374787390    
   2800.00000       406.000000     -0.471501678    
   2700.00000       406.500000     -0.576856196    
   2600.00000       407.000000     -0.596498132    
   2500.00000       407.500000     -0.579633176    
   2400.00000       408.000000     -0.570165277    
   2300.00000       408.500000     -0.508737922    
   2200.00000       409.000000     -0.506036937    
   2100.00000       409.500000     -0.469201982    
   2000.00000       410.000000     -0.464443892    
   1900.00000       410.500000     -0.483308911    
   1800.00000       411.000000     -0.480166852    
   1700.00000       411.500000     -0.484625578    
   1600.00000       412.000000     -0.482269555    
   1500.00000       412.500000     -0.451895326    
   1400.00000       413.000000     -0.517908394    
   1300.00000       413.500000     -0.376249880    
   1200.00000       414.000000     -0.396865189    
   1100.00000       414.500000     -0.369871885    
   1000.00000       415.000000     -0.353054881    
   900.000000       415.500000     -0.344183177    
   800.000000       416.000000     -0.371148914    
   700.000000       416.500000     -0.352875769    
   600.000000       417.000000     -0.364998907    
   500.000000       417.500000     -0.355446815    
   400.000000       418.000000     -0.352784872    
   300.000000       418.500000     -0.347473800    
   200.000000       419.000000     -0.337069511    
   100.000000       419.500000     -0.336988002    
   0.00000000       420.000000     -0.328698635    
   100.000000       420.500000     -0.340128422    
   200.000000       421.000000     -0.335742265    
   300.000000       421.500000     -0.335197479    
   400.000000       422.000000     -0.329851389    
   500.000000       422.500000     -0.324641198    
   600.000000       423.000000     -0.322159708    
   700.000000       423.500000     -0.327966243    
   800.000000       424.000000     -0.332673073    
   900.000000       424.500000     -0.337191552    
   1000.00000       425.000000     -0.341923267    
   1100.00000       425.500000     -0.350278497    
   1200.00000       426.000000     -0.369598597    
   1300.00000       426.500000     -0.419430315    
   1400.00000       427.000000     -0.546916306    
   1500.00000       427.500000     -0.637408376    
   1600.00000       428.000000     -0.556433082    
   1700.00000       428.500000     -0.522703290    
   1800.00000       429.000000     -0.512087524    
   1900.00000       429.500000     -0.508072853    
   2000.00000       430.000000     -0.506439388    
   2100.00000       430.500000     -0.505493343    
   2200.00000       431.000000     -0.517037988    
   2300.00000       431.500000     -0.517953396    
   2400.00000       432.000000     -0.526843250    
   2500.00000       432.500000     -0.509730160    
   2600.00000       433.000000     -0.461337894    
   2700.00000       433.500000     -0.440318018    
   2800.00000       434.000000     -0.431121916    
   2900.00000       434.500000     -0.423395067    
   3000.00000       435.000000     -0.418902218    
   3100.00000       435.500000     -0.414118350    
   3200.00000       436.000000     -0.400511503    
   3300.00000       436.500000     -0.396424711    
   3400.00000       437.000000     -0.378025800    
   3500.00000       437.500000     -0.349273711    
   3600.00000       438.000000     -0.308678925    
   3700.00000       438.500000     -0.225030050    
   3800.00000       439.000000      -7.83394352E-02
   3900.00000       439.500000      -8.21157619E-02
   4000.00000       440.000000     -0.146602035    
   4100.00000       440.500000     -0.180502772    
   4200.00000       441.000000     -0.187705547    
   4300.00000       441.500000     -0.176293492    
   4400.00000       442.000000     -0.182727888    
   4500.00000       442.500000     -0.188706756    
   4600.00000       443.000000     -0.211953014    
   4700.00000       443.500000     -0.227704436    
   4800.00000       444.000000     -0.235793680    
   4900.00000       444.500000     -0.242490262    
   5000.00000       445.000000     -0.250733823    
   5100.00000       445.500000     -0.254874915    
   5200.00000       446.000000     -0.259792745    
   5300.00000       446.500000     -0.264713556    
   5400.00000       447.000000     -0.274699062    
   5500.00000       447.500000     -0.261714697    
   5600.00000       448.000000     -0.263368815    
   5700.00000       448.500000     -0.287749201    
   5800.00000       449.000000     -0.275952607    
   5900.00000       449.500000     -0.275517642    
   6000.00000       450.000000     -0.290767431    
   5900.00000       450.500000     -0.276726872    
   5800.00000       451.000000     -0.260818183    
   5700.00000       451.500000     -0.262774020    
   5600.00000       452.000000     -0.261381447    
   5500.00000       452.500000     -0.252478957    
   5400.00000       453.000000     -0.252593398    
   5300.00000       453.500000     -0.245665923    
   5200.00000       454.000000     -0.238602921    
   5100.00000       454.500000     -0.242026687    
   5000.00000       455.000000     -0.227056459    
   4900.00000       455.500000     -0.221445799    
   4800.00000       456.000000     -0.207227558    
   4700.00000       456.500000     -0.200166866    
   4600.00000       457.000000     -0.183129251    
   4500.00000       457.500000     -0.170011610    
   4400.00000       458.000000     -0.159499437    
   4300.00000       458.500000     -0.184953302    
   4200.00000       459.000000     -0.201526821    
   4100.00000       459.500000     -0.212630719    
   4000.00000       460.000000     -0.216974482    
   3900.00000       460.500000     -0.220111325    
   3800.00000       461.000000     -0.220507026    
   3700.00000       461.500000     -0.223874986    
   3600.00000       462.000000     -0.239091083    
   3500.00000       462.500000     -0.250661850    
   3400.00000       463.000000     -0.260888070    
   3300.00000       463.500000     -0.277065277    
   3200.00000       464.000000     -0.279306561    
   3100.00000       464.500000     -0.289447486    
   3000.00000       465.000000     -0.306264102    
   2900.00000       465.500000     -0.331033647    
   2800.00000       466.000000     -0.394006401    
   2700.00000       466.500000     -0.502791941    
   2600.00000       467.000000     -0.595663369    
   2500.00000       467.500000     -0.617286444    
   2400.00000       468.000000     -0.581091702    
   2300.00000       468.500000     -0.529764950    
   2200.00000       469.000000     -0.512915432    
   2100.00000       469.500000     -0.499295473    
   2000.00000       470.000000     -0.499747127    
   1900.00000       470.500000     -0.494600266    
   1800.00000       471.000000     -0.496647537    
   1700.00000       471.500000     -0.501300156    
   1600.00000       472.000000     -0.491073161    
   1500.00000       472.500000     -0.481197417    
   1400.00000       473.000000     -0.453661412    
   1300.00000       473.500000     -0.389107198    
   1200.00000       474.000000     -0.367681712    
   1100.00000       474.500000     -0.381366193    
   1000.00000       475.000000     -0.366155535    
   900.000000       475.500000     -0.355459780    
   800.000000       476.000000     -0.336433232    
   700.000000       476.500000     -0.364875078    
   600.000000       477.000000     -0.343001813    
   500.000000       477.500000     -0.353412062    
   400.000000       478.000000     -0.348528504    
   300.000000       478.500000     -0.343688160    
   200.000000       479.000000     -0.337359935    
   100.000000       479.500000     -0.333899438    
   0.00000000       480.000000     -0.316281199    
   100.000000       480.500000     -0.330000848    
   200.000000       481.000000     -0.329796106    
   300.000000       481.500000     -0.334267348    
   400.000000       482.000000     -0.328240573    
   500.000000       482.500000     -0.327837795    
   600.000000       483.000000     -0.329150587    
   700.000000       483.500000     -0.329841256    
   800.000000       484.000000     -0.331699729    
   900.000000       484.500000     -0.335309535    
   1000.00000       485.000000     -0.339193672    
   1100.00000       485.500000     -0.347167730    
   1200.00000       486.000000     -0.357660830    
   1300.00000       486.500000     -0.413423508    
   1400.00000       487.000000     -0.528995574    
   1500.00000       487.500000     -0.621821344    
   1600.00000       488.000000     -0.547472000    
   1700.00000       488.500000     -0.515602112    
   1800.00000       489.000000     -0.505442798    
   1900.00000       489.500000     -0.489282340    
   2000.00000       490.000000     -0.490604222    
   2100.00000       490.500000     -0.500836432    
   2200.00000       491.000000     -0.497849911    
   2300.00000       491.500000     -0.485343069    
   2400.00000       492.000000     -0.522678375    
   2500.00000       492.500000     -0.492578626    
   2600.00000       493.000000     -0.449238002    
   2700.00000       493.500000     -0.428341508    
   2800.00000       494.000000     -0.422843426    
   2900.00000       494.500000     -0.418661714    
   3000.00000       495.000000     -0.419507802    
   3100.00000       495.500000     -0.419691980    
   3200.00000       496.000000     -0.400285751    
   3300.00000       496.500000     -0.396764606    
   3400.00000       497.000000     -0.378974110    
   3500.00000       497.500000     -0.337127626    
   3600.00000       498.000000     -0.310804129    
   3700.00000       498.500000     -0.225121543    
   3800.00000       499.000000      -9.56283584E-02
   3900.00000       499.500000     -0.105347864    
   4000.00000       500.000000     -0.161082089    
   4100.00000       500.500000     -0.192798093    
   4200.00000       501.000000     -0.200654432    
   4300.00000       501.500000     -0.198460311    
   4400.00000       502.000000     -0.195765212    
   4500.00000       502.500000     -0.202371046    
   4600.00000       503.000000     -0.220962182    
   4700.00000       503.500000     -0.232221276    
   4800.00000       504.000000     -0.245394424    
   4900.00000       504.500000     -0.256139964    
   5000.00000       505.000000     -0.260764450    
   5100.00000       505.500000     -0.265082002    
   5200.00000       506.000000     -0.268414706    
   5300.00000       506.500000     -0.264255732    
   5400.00000       507.000000     -0.275719792    
   5500.00000       507.500000     -0.269932628    
   5600.00000       508.000000     -0.283373982    
   5700.00000       508.500000     -0.291470319    
   5800.00000       509.000000     -0.284456491    
   5900.00000       509.500000     -0.283973843    
   6000.00000       510.000000     -0.292336076    
   5900.00000       510.500000     -0.275014669    
   5800.00000       511.000000     -0.271870881    
   5700.00000       511.500000     -0.272700667    
   5600.00000       512.000000     -0.263838351    
   5500.00000       512.500000     -0.265557408    
   5400.00000       513.000000     -0.255479246    
   5300.00000       513.500000     -0.244473457    
   5200.00000       514.000000     -0.251892000    
   5100.00000       514.500000     -0.237544939    
   5000.00000       515.000000     -0.225130633    
   4900.00000       515.500000     -0.226918250    
   4800.00000       516.000000     -0.224906743    
   4700.00000       516.500000     -0.211108938    
   4600.00000       517.000000     -0.195206121    
   4500.00000       517.500000     -0.179418340    
   4400.00000       518.000000     -0.176724136    
   4300.00000       518.500000     -0.191807836    
   4200.00000       519.000000     -0.205751672    
   4100.00000       519.500000     -0.214679778    
   4000.00000       520.000000     -0.223935336    
   3900.00000       520.500000     -0.221776605    
   3800.00000       521.000000     -0.225895286    
   3700.00000       521.500000     -0.226586252    
   3600.00000       522.000000     -0.249240786    
   3500.00000       522.500000     -0.258479893    
   3400.00000       523.000000     -0.268735766    
   3300.00000       523.500000     -0.281275600    
   3200.00000       524.000000     -0.291445792    
   3100.00000       524.500000     -0.301087886    
   3000.00000       525.000000     -0.332960874    
   2900.00000       525.500000     -0.432700455    
   2800.00000       526.000000     -0.523208797    
   2700.00000       526.500000     -0.558461726    
   2600.00000       527.000000     -0.555816174    
   2500.00000       527.500000     -0.558125257    
   2400.00000       528.000000     -0.543078363    
   2300.00000       528.500000     -0.500500679    
   2200.00000       529.000000     -0.522848845    
   2100.00000       529.500000     -0.466025949    
   2000.00000       530.000000     -0.502155483    
   1900.00000       530.500000     -0.488107234    
   1800.00000       531.000000     -0.489652783    
   1700.00000       531.500000     -0.496872693    
   1600.00000       532.000000     -0.475289553    
   1500.00000       532.500000     -0.470690459    
   1400.00000       533.000000     -0.444302738    
   1300.00000       533.500000     -0.396603525    
   1200.00000       534.000000     -0.385947257    
   1100.00000       534.500000     -0.381891310    
   1000.00000       535.000000     -0.350169122    
   900.000000       535.500000     -0.339165807    
   800.000000       536.000000     -0.347561866    
   700.000000       536.500000     -0.354487777    
   600.000000       537.000000     -0.353795171    
   500.000000       537.500000     -0.344418019    
   400.000000       538.000000     -0.342252284    
   300.000000       538.500000     -0.337890267    
   200.000000       539.000000     -0.330316603    
   100.000000       539.500000     -0.324477434    
   0.00000000       540.000000     -0.321900427    
   100.000000       540.500000     -0.333432883    
   200.000000       541.000000     -0.330258191    
   300.000000       541.500000     -0.322857529    
   400.000000       542.000000     -0.326801270    
   500.000000       542.500000     -0.323624343    
   600.000000       543.000000     -0.333513945    
   700.000000       543.500000     -0.331878394    
   800.000000       544.000000     -0.332396209    
   900.000000       544.500000     -0.334554642    
   1000.00000       545.000000     -0.338785231    
   1100.00000       545.500000     -0.345168293    
   1200.00000       546.000000     -0.355977148    
   1300.00000       546.500000     -0.387159467    
   1400.00000       547.000000     -0.478618473    
   1500.00000       547.500000     -0.667163491    
   1600.00000       548.000000     -0.561235011    
   1700.00000       548.500000     -0.514217079    
   1800.00000       549.000000     -0.510290027    
   1900.00000       549.500000     -0.498838156    
   2000.00000       550.000000     -0.494195849    
   2100.00000       550.500000     -0.503286302    
   2200.00000       551.000000     -0.497133613    
   2300.00000       551.500000     -0.500689805    
   2400.00000       552.000000     -0.498174459    
   2500.00000       552.500000     -0.497006059    
   2600.00000       553.000000     -0.447441220    
   2700.00000       553.500000     -0.454786301    
   2800.00000       554.000000     -0.419710457    
   2900.00000       554.500000     -0.425751537    
   3000.00000       555.000000     -0.423051745    
   3100.00000       555.500000     -0.417639196    
   3200.00000       556.000000     -0.409313917    
   3300.00000       556.500000     -0.404458970    
   3400.00000       557.000000     -0.391597331    
   3500.00000       557.500000     -0.370607108    
   3600.00000       558.000000     -0.337991297    
   3700.00000       558.500000     -0.240068600    
   3800.00000       559.000000     -0.123577870    
   3900.00000       559.500000     -0.112926520    
   4000.00000       560.000000     -0.159816235    
   4100.00000       560.500000     -0.190591305    
   4200.00000       561.000000     -0.204752177    
   4300.00000       561.500000     -0.204082668    
   4400.00000       562.000000     -0.203037575    
   4500.00000       562.500000     -0.211023703    
   4600.00000       563.000000     -0.225997359    
   4700.00000       563.500000     -0.237745285    
   4800.00000       564.000000     -0.249057055    
   4900.00000       564.500000     -0.263432503    
   5000.00000       565.000000     -0.266035885    
   5100.00000       565.500000     -0.269504368    
   5200.00000       566.000000     -0.276365161    
   5300.00000       566.500000     -0.283268631    
   5400.00000       567.000000     -0.281957716    
   5500.00000       567.500000     -0.279175669    
   5600.00000       568.000000     -0.280673742    
   5700.00000       568.500000     -0.273207068    
   5800.00000       569.000000     -0.303490251    
   5900.00000       569.500000     -0.288052946    
   6000.00000       570.000000     -0.297410071    
   5900.00000       570.500000     -0.290424019    
   5800.00000       571.000000     -0.273722589    
   5700.00000       571.500000     -0.272929460    
   5600.00000       572.000000     -0.263837218    
   5500.00000       572.500000     -0.274774522    
   5400.00000       573.000000     -0.267849058    
   5300.00000       573.500000     -0.259861439    
   5200.00000       574.000000     -0.253036559    
   5100.00000       574.500000     -0.252005786    
   5000.00000       575.000000     -0.238295361    
   4900.00000       575.500000     -0.222355887    
   4800.00000       576.000000     -0.216435730    
   4700.00000       576.500000     -0.209250987    
   4600.00000       577.000000     -0.195147559    
   4500.00000       577.500000     -0.178390384    
   4400.00000       578.000000     -0.161458045    
   4300.00000       578.500000     -0.204587594    
   4200.00000       579.000000     -0.211375818    
   4100.00000       579.500000     -0.219811216    
   4000.00000       580.000000     -0.218499467    
   3900.00000       580.500000     -0.221249700    
   3800.00000       581.000000     -0.231717914    
   3700.00000       581.500000     -0.230048165    
   3600.00000       582.000000     -0.243265644    
   3500.00000       582.500000     -0.255764008    
   3400.00000       583.000000     -0.262450308    
   3300.00000       583.500000     -0.266053617    
   3200.00000       584.000000     -0.290118188    
   3100.00000       584.500000     -0.290449798    
   3000.00000       585.000000     -0.310600638    
   2900.00000       585.500000     -0.370096058    
   2800.00000       586.000000     -0.453452498    
   2700.00000       586.500000     -0.607766390    
   2600.00000       587.000000     -0.561392188    
   2500.00000       587.500000     -0.559996128    
   2400.00000       588.000000     -0.535910606    
   2300.00000       588.500000     -0.512348175    
   2200.00000       589.000000     -0.482048124    
   2100.00000       589.500000     -0.476385236    
   2000.00000       590.000000     -0.491765916    
   1900.00000       590.500000     -0.476527840    
   1800.00000       591.000000     -0.467421144    
   1700.00000       591.500000     -0.481042147    
   1600.00000       592.000000     -0.485610694    
   1500.00000       592.500000     -0.464674264    
   1400.00000       593.000000     -0.419505119    
   1300.00000       593.500000     -0.375737876    
   1200.00000       594.000000     -0.385596186    
   1100.00000       594.500000     -0.363061458    
   1000.00000       595.000000     -0.360453010    
   900.000000       595.500000     -0.353700548    
   800.000000       596.000000     -0.347288430    
   700.000000       596.500000     -0.360383719    
   600.000000       597.000000     -0.348997444    
   500.000000       597.500000     -0.337097228    
   400.000000       598.000000     -0.338003218    
   300.000000       598.500000     -0.327235341    
   200.000000       599.000000     -0.335072905    
   100.000000       599.500000     -0.327812910    
   0.00000000       600.000000     -0.312497348    
   100.000000       600.500000     -0.334828675    
   200.000000       601.000000     -0.325752974    
   300.000000       601.500000     -0.324037552    
   400.000000       602.000000     -0.328216136    
   500.000000       602.500000     -0.329033613    
   600.000000       603.000000     -0.330089211    
   700.000000       603.500000     -0.323298156    
   800.000000       604.000000     -0.329584360    
   900.000000       604.500000     -0.322510332    
   1000.00000       605.000000     -0.332219630    
   1100.00000       605.500000     -0.342073768    
   1200.00000       606.000000     -0.355042547    
   1300.00000       606.500000     -0.378524393    
   1400.00000       607.000000     -0.488529235    
   1500.00000       607.500000     -0.621567726    
   1600.00000       608.000000     -0.562974989    
   1700.00000       608.500000     -0.502985001    
   1800.00000       609.000000     -0.501967847    
   1900.00000       609.500000     -0.499533296    
   2000.00000       610.000000     -0.501057267    
   2100.00000       610.500000     -0.468434423    
   2200.00000       611.000000     -0.523178935    
   2300.00000       611.500000     -0.494457960    
   2400.00000       612.000000     -0.499053478    
   2500.00000       612.500000     -0.477261424    
   2600.00000       613.000000     -0.443410158    
   2700.00000       613.500000     -0.453538477    
   2800.00000       614.000000     -0.430215329    
   2900.00000       614.500000     -0.430361807    
   3000.00000       615.000000     -0.415135503    
   3100.00000       615.500000     -0.416628599    
   3200.00000       616.000000     -0.409802675    
   3300.00000       616.500000     -0.410870343    
   3400.00000       617.000000     -0.383697778    
   3500.00000       617.500000     -0.347500920    
   3600.00000       618.000000     -0.324670851    
   3700.00000       618.500000     -0.240783259    
   3800.00000       619.000000     -0.136915907    
   3900.00000       619.500000     -0.121182807    
   4000.00000       620.000000     -0.154279262    
   4100.00000       620.500000     -0.199488640    
   4200.00000       621.000000     -0.211110353    
   4300.00000       621.500000     -0.209378242    
   4400.00000       622.000000     -0.209049076    
   4500.00000       622.500000     -0.211831644    
   4600.00000       623.000000     -0.228914112    
   4700.00000       623.500000     -0.236666963    
   4800.00000       624.000000     -0.243445799    
   4900.00000       624.500000     -0.257186085    
   5000.00000       625.000000     -0.262619793    
   5100.00000       625.500000     -0.276581377    
   5200.00000       626.000000     -0.274853289    
   5300.00000       626.500000     -0.279814094    
   5400.00000       627.000000     -0.270889491    
   5500.00000       627.500000     -0.279301345    
   5600.00000       628.000000     -0.274178863    
   5700.00000       628.500000     -0.295315325    
   5800.00000       629.000000     -0.279458046    
   5900.00000       629.500000     -0.287776470    
   6000.00000       630.000000     -0.299172491    
   5900.00000       630.500000     -0.286651731    
   5800.00000       631.000000     -0.270055920    
   5700.00000       631.500000     -0.272766531    
   5600.00000       632.000000     -0.273375094    
   5500.00000       632.500000     -0.268121243    
   5400.00000       633.000000     -0.259450018    
   5300.00000       633.500000     -0.260211021    
   5200.00000       634.000000     -0.254188120    
   5100.00000       634.500000     -0.244706362    
   5000.00000       635.000000     -0.231832653    
   4900.00000       635.500000     -0.224825904    
   4800.00000       636.000000     -0.187370569    
   4700.00000       636.500000     -0.205043867    
   4600.00000       637.000000     -0.183685213    
   4500.00000       637.500000     -0.205171570    
   4400.00000       638.000000     -0.178571805    
   4300.00000       638.500000     -0.218208671    
   4200.00000       639.000000     -0.215702295    
   4100.00000       639.500000     -0.217526272    
   4000.00000       640.000000     -0.226410717    
   3900.00000       640.500000     -0.221035570    
   3800.00000       641.000000     -0.233081967    
   3700.00000       641.500000     -0.237135679    
   3600.00000       642.000000     -0.245462298    
   3500.00000       642.500000     -0.252107620    
   3400.00000       643.000000     -0.265726477    
   3300.00000       643.500000     -0.273688525    
   3200.00000       644.000000     -0.269855440    
   3100.00000       644.500000     -0.294221878    
   3000.00000       645.000000     -0.298383713    
   2900.00000       645.500000     -0.335066408    
   2800.00000       646.000000     -0.405444145    
   2700.00000       646.500000     -0.524599493    
   2600.00000       647.000000     -0.559423923    
   2500.00000       647.500000     -0.568726540    
   2400.00000       648.000000     -0.539964795    
   2300.00000       648.500000     -0.470272630    
   2200.00000       649.000000     -0.478927225    
   2100.00000       649.500000     -0.461408526    
   2000.00000       650.000000     -0.474861443    
   1900.00000       650.500000     -0.424456626    
   1800.00000       651.000000     -0.485112697    
   1700.00000       651.500000     -0.475401461    
   1600.00000       652.000000     -0.452023625    
   1500.00000       652.500000     -0.438376844    
   1400.00000       653.000000     -0.402556241    
   1300.00000       653.500000     -0.347292602    
   1200.00000       654.000000     -0.359904647    
   1100.00000       654.500000     -0.318245322    
   1000.00000       655.000000     -0.375609726    
   900.000000       655.500000     -0.315953672    
   800.000000       656.000000     -0.410982847    
   700.000000       656.500000     -0.352047116    
   600.000000       657.000000     -0.338334471    
   500.000000       657.500000     -0.344202846    
   400.000000       658.000000     -0.317838818    
   300.000000       658.500000     -0.323817611    
   200.000000       659.000000     -0.325793952    
   100.000000       659.500000     -0.316113263    
   0.00000000       660.000000     -0.331129611    
   100.000000       660.500000     -0.325410992    
   200.000000       661.000000     -0.306628674    
   300.000000       661.500000     -0.316505164    
   400.000000       662.000000     -0.327158898    
   500.000000       662.500000     -0.321186960    
   600.000000       663.000000     -0.322642058    
   700.000000       663.500000     -0.323822826    
   800.000000       664.000000     -0.323432863    
   900.000000       664.500000     -0.323089391    
   1000.00000       665.000000     -0.327325791    
   1100.00000       665.500000     -0.333382070    
   1200.00000       666.000000     -0.339084446    
   1300.00000       666.500000     -0.349163890    
   1400.00000       667.000000     -0.378109396    
   1500.00000       667.500000     -0.441654950    
   1600.00000       668.000000     -0.527862489    
   1700.00000       668.500000     -0.507468462    
   1800.00000       669.000000     -0.472057641    
   1900.00000       669.500000     -0.472092658    
   2000.00000       670.000000     -0.456627190    
   2100.00000       670.500000     -0.458343357    
   2200.00000       671.000000     -0.457511574    
   2300.00000       671.500000     -0.456098795    
   2400.00000       672.000000     -0.447652221    
   2500.00000       672.500000     -0.445502728    
   2600.00000       673.000000     -0.426660359    
   2700.00000       673.500000     -0.426170111    
   2800.00000       674.000000     -0.421554327    
   2900.00000       674.500000     -0.409808785    
   3000.00000       675.000000     -0.404151112    
   3100.00000       675.500000     -0.396035194    
   3200.00000       676.000000     -0.387383878    
   3300.00000       676.500000     -0.377224714    
   3400.00000       677.000000     -0.347299010    
   3500.00000       677.500000     -0.313284129    
   3600.00000       678.000000     -0.270519137    
   3700.00000       678.500000     -0.216191575    
   3800.00000       679.000000     -0.192775294    
   3900.00000       679.500000     -0.208245084    
   4000.00000       680.000000     -0.228598654    
   4100.00000       680.500000     -0.238877028    
   4200.00000       681.000000     -0.243314520    
   4300.00000       681.500000     -0.248135120    
   4400.00000       682.000000     -0.251840740    
   4500.00000       682.500000     -0.261893958    
   4600.00000       683.000000     -0.262277216    
   4700.00000       683.500000     -0.269046366    
   4800.00000       684.000000     -0.274220735    
   4900.00000       684.500000     -0.283436269    
   5000.00000       685.000000     -0.286751479    
   5100.00000       685.500000     -0.290894538    
   5200.00000       686.000000     -0.285033166    
   5300.00000       686.500000     -0.292882264    
   5400.00000       687.000000     -0.297443300    
   5500.00000       687.500000     -0.293912828    
   5600.00000       688.000000     -0.288590580    
   5700.00000       688.500000     -0.267060727    
   5800.00000       689.000000     -0.308816075    
   5900.00000       689.500000     -0.298317701    
   6000.00000       690.000000     -0.302417964    
   5900.00000       690.500000     -0.295300871    
   5800.00000       691.000000     -0.291534841    
   5700.00000       691.500000     -0.253867149    
   5600.00000       692.000000     -0.315679342    
   5500.00000       692.500000     -0.281391531    
   5400.00000       693.000000     -0.272285134    
   5300.00000       693.500000     -0.291811019    
   5200.00000       694.000000     -0.273877025    
   5100.00000       694.500000     -0.292454243    
   5000.00000       695.000000     -0.276151478    
   4900.00000       695.500000     -0.267680377    
   4800.00000       696.000000     -0.270592511    
   4700.00000       696.500000     -0.261637002    
   4600.00000       697.000000     -0.259335071    
   4500.00000       697.500000     -0.246533990    
   4400.00000       698.000000     -0.250805855    
   4300.00000       698.500000     -0.246105060    
   4200.00000       699.000000     -0.252570599    
   4100.00000       699.500000     -0.250650287    
   4000.00000       700.000000     -0.248133406    
   3900.00000       700.500000     -0.254219264    
   3800.00000       701.000000     -0.256436944    
   3700.00000       701.500000     -0.261311859    
   3600.00000       702.000000     -0.252958030    
   3500.00000       702.500000     -0.277058274    
   3400.00000       703.000000     -0.275397539    
   3300.00000       703.500000     -0.289027780    
   3200.00000       704.000000     -0.291981786    
   3100.00000       704.500000     -0.308711022    
   3000.00000       705.000000     -0.302969754    
   2900.00000       705.500000     -0.315621972    
   2800.00000       706.000000     -0.324459910    
   2700.00000       706.500000     -0.340011507    
   2600.00000       707.000000     -0.348809898    
   2500.00000       707.500000     -0.368801981    
   2400.00000       708.000000     -0.411543429    
   2300.00000       708.500000     -0.465575337    
   2200.00000       709.000000     -0.459235340    
   2100.00000       709.500000     -0.452327162    
   2000.00000       710.000000     -0.458521873    
   1900.00000       710.500000     -0.437230051    
   1800.00000       711.000000     -0.436348796    
   1700.00000       711.500000     -0.428633571    
   1600.00000       712.000000     -0.412065119    
   1500.00000       712.500000     -0.389740050    
   1400.00000       713.000000     -0.371252030    
   1300.00000       713.500000     -0.342839390    
   1200.00000       714.000000     -0.328162491    
   1100.00000       714.500000     -0.332937866    
   1000.00000       715.000000     -0.327355295    
   900.000000       715.500000     -0.220748201    
   800.000000       716.000000     -0.359372228    
   700.000000       716.500000     -0.302420139    
   600.000000       717.000000     -0.336476147    
   500.000000       717.500000     -0.308923155    
   400.000000       718.000000     -0.332143337    
   300.000000       718.500000     -0.321365476    
   200.000000       719.000000     -0.302553952    
   100.000000       719.500000     -0.324508578    
   0.00000000       720.000000     -0.319623083    
   100.000000       720.500000     -0.309888154    
   200.000000       721.000000     -0.312210798    
   300.000000       721.500000     -0.315428257    
   400.000000       722.000000     -0.320145965    
   500.000000       722.500000     -0.316540778    
   600.000000       723.000000     -0.315019965    
   700.000000       723.500000     -0.315862179    
   800.000000       724.000000     -0.315462381    
   900.000000       724.500000     -0.313369364    
   1000.00000       725.000000     -0.314953655    
   1100.00000       725.500000     -0.313709557    
   1200.00000       726.000000     -0.312586010    
   1300.00000       726.500000     -0.313364893    
   1400.00000       727.000000     -0.318543345    
   1500.00000       727.500000     -0.353189290    
   1600.00000       728.000000     -0.395591289    
   1700.00000       728.500000     -0.425310761    
   1800.00000       729.000000     -0.442380339    
   1900.00000       729.500000     -0.437132001    
   2000.00000       730.000000     -0.429770827    
   2100.00000       730.500000     -0.427225560    
   2200.00000       731.000000     -0.422157675    
   2300.00000       731.500000     -0.424097061    
   2400.00000       732.000000     -0.416937798    
   2500.00000       732.500000     -0.404759526    
   2600.00000       733.000000     -0.390561402    
   2700.00000       733.500000     -0.381330132    
   2800.00000       734.000000     -0.367271930    
   2900.00000       734.500000     -0.368108481    
   3000.00000       735.000000     -0.366098315    
   3100.00000       735.500000     -0.360345572    
   3200.00000       736.000000     -0.353736609    
   3300.00000       736.500000     -0.346243411    
   3400.00000       737.000000     -0.340028435    
   3500.00000       737.500000     -0.332046032    
   3600.00000       738.000000     -0.318229973    
   3700.00000       738.500000     -0.312494516    
   3800.00000       739.000000     -0.291194201    
   3900.00000       739.500000     -0.275737822    
   4000.00000       740.000000     -0.274986356    
   4100.00000       740.500000     -0.272909492    
   4200.00000       741.000000     -0.269839048    
   4300.00000       741.500000     -0.279380560    
   4400.00000       742.000000     -0.273870617    
   4500.00000       742.500000     -0.283120304    
   4600.00000       743.000000     -0.270826161    
   4700.00000       743.500000     -0.290849239    
   4800.00000       744.000000     -0.288118660    
   4900.00000       744.500000     -0.288556695    
   5000.00000       745.000000     -0.303473800    
   5100.00000       745.500000     -0.300045252    
   5200.00000       746.000000     -0.303808540    
   5300.00000       746.500000     -0.287583500    
   5400.00000       747.000000     -0.310917437    
   5500.00000       747.500000     -0.268906683    
   5600.00000       748.000000     -0.317165941    
   5700.00000       748.500000     -0.296763361    
   5800.00000       749.000000     -0.253382415    
   5900.00000       749.500000     -0.326718032    
   6000.00000       750.000000     -0.291303486    
   5900.00000       750.500000     -0.296085656    
   5800.00000       751.000000     -0.282775104    
   5700.00000       751.500000     -0.276538372    
   5600.00000       752.000000     -0.145127490    
   5500.00000       752.500000     -0.266384959    
   5400.00000       753.000000     -0.264102250    
   5300.00000       753.500000     -0.343559474    
   5200.00000       754.000000     -0.286027074    
   5100.00000       754.500000     -0.297985554    
   5000.00000       755.000000     -0.288415045    
   4900.00000       755.500000     -0.265155971    
   4800.00000       756.000000     -0.279407591    
   4700.00000       756.500000     -0.284406185    
   4600.00000       757.000000     -0.281990200    
   4500.00000       757.500000     -0.271415055    
   4400.00000       758.000000     -0.266384125    
   4300.00000       758.500000     -0.267760694    
   4200.00000       759.000000     -0.266384661    
   4100.00000       759.500000     -0.265887558    
   4000.00000       760.000000     -0.279297024    
   3900.00000       760.500000     -0.274726838    
   3800.00000       761.000000     -0.271494627    
   3700.00000       761.500000     -0.276086271    
   3600.00000       762.000000     -0.278516442    
   3500.00000       762.500000     -0.279530972    
   3400.00000       763.000000     -0.283374667    
   3300.00000       763.500000     -0.286976129    
   3200.00000       764.000000     -0.291451901    
   3100.00000       764.500000     -0.296810657    
   3000.00000       765.000000     -0.298073024    
   2900.00000       765.500000     -0.301940084    
   2800.00000       766.000000     -0.311121285    
   2700.00000       766.500000     -0.313898057    
   2600.00000       767.000000     -0.317785174    
   2500.00000       767.500000     -0.331601590    
   2400.00000       768.000000     -0.360794097    
   2300.00000       768.500000     -0.385921627    
   2200.00000       769.000000     -0.407050282    
   2100.00000       769.500000     -0.411992699    
   2000.00000       770.000000     -0.401938587    
   1900.00000       770.500000     -0.394125164    
   1800.00000       771.000000     -0.390940636    
   1700.00000       771.500000     -0.384205610    
   1600.00000       772.000000     -0.375521809    
   1500.00000       772.500000     -0.349752635    
   1400.00000       773.000000     -0.366253436    
   1300.00000       773.500000     -0.321323007    
   1200.00000       774.000000     -0.323577851    
   1100.00000       774.500000     -0.319907844    
   1000.00000       775.000000     -0.312722504    
   900.000000       775.500000     -0.264926285    
   800.000000       776.000000     -0.296891063    
   700.000000       776.500000     -0.164347604    
   600.000000       777.000000     -0.413396001    
   500.000000       777.500000     -0.313929200    
   400.000000       778.000000     -0.316564918    
   300.000000       778.500000     -0.299613059    
   200.000000       779.000000     -0.301087886    
   100.000000       779.500000     -0.317656428    
   0.00000000       780.000000     -0.305499226    
   100.000000       780.500000     -0.281335890    
   200.000000       781.000000     -0.322862297    
   300.000000       781.500000     -0.304544806    
   400.000000       782.000000     -0.299045086    
   500.000000       782.500000     -0.309796423    
   600.000000       783.000000     -0.307593137    
   700.000000       783.500000     -0.307216287    
   800.000000       784.000000     -0.304711550    
   900.000000       784.500000     -0.306415588    
   1000.00000       785.000000     -0.305306405    
   1100.00000       785.500000     -0.305752695    
   1200.00000       786.000000     -0.306663901    
   1300.00000       786.500000     -0.307160556    
   1400.00000       787.000000     -0.310646534    
   1500.00000       787.500000     -0.325890064    
   1600.00000       788.000000     -0.359919995    
   1700.00000       788.500000     -0.357300669    
   1800.00000       789.000000     -0.390153855    
   1900.00000       789.500000     -0.386244237    
   2000.00000       790.000000     -0.343434989    
   2100.00000       790.500000     -0.373685688    
   2200.00000       791.000000     -0.397443801    
   2300.00000       791.500000     -0.391560227    
   2400.00000       792.000000     -0.385710180    
   2500.00000       792.500000     -0.368844748    
   2600.00000       793.000000     -0.360639423    
   2700.00000       793.500000     -0.315896451    
   2800.00000       794.000000     -0.352585942    
   2900.00000       794.500000     -0.354698330    
   3000.00000       795.000000     -0.301372290    
   3100.00000       795.500000     -0.318593562    
   3200.00000       796.000000     -0.319019139    
   3300.00000       796.500000     -0.307790071    
   3400.00000       797.000000     -0.303159684    
   3500.00000       797.500000     -0.305695415    
   3600.00000       798.000000     -0.299663275    
   3700.00000       798.500000     -0.318811417    
   3800.00000       799.000000     -0.304441929    
   3900.00000       799.500000     -0.282998711    
   4000.00000       800.000000     -0.270150185    
   4100.00000       800.500000     -0.285957783    
   4200.00000       801.000000     -0.300310731    
   4300.00000       801.500000     -0.289549768    
   4400.00000       802.000000     -0.286552250    
   4500.00000       802.500000     -0.283621788    
   4600.00000       803.000000     -0.284049749    
   4700.00000       803.500000     -0.285284907    
   4800.00000       804.000000     -0.288650185    
   4900.00000       804.500000     -0.294773370    
   5000.00000       805.000000     -0.296170354    
   5100.00000       805.500000     -0.296684980    
   5200.00000       806.000000     -0.293741316    
   5300.00000       806.500000     -0.297434419    
   5400.00000       807.000000     -0.276232094    
   5500.00000       807.500000     -0.303830534    
   5600.00000       808.000000     -0.289146245    
   5700.00000       808.500000     -0.262724340    
   5800.00000       809.000000     -0.283436209    
   5900.00000       809.500000     -0.311854124    
   6000.00000       810.000000     -0.289941967    
   5900.00000       810.500000     -0.292640865    
   5800.00000       811.000000     -0.229303330    
   5700.00000       811.500000     -0.303384990    
   5600.00000       812.000000     -0.204373837    
   5500.00000       812.500000     -0.290622294    
   5400.00000       813.000000     -0.220204532    
   5300.00000       813.500000     -0.265884787    
   5200.00000       814.000000     -0.309898496    
   5100.00000       814.500000     -0.302956134    
   5000.00000       815.000000     -0.274389923    
   4900.00000       815.500000     -0.270572841    
   4800.00000       816.000000     -0.290275842    
   4700.00000       816.500000     -0.275527179    
   4600.00000       817.000000     -0.280830741    
   4500.00000       817.500000     -0.203436255    
   4400.00000       818.000000     -0.275019050    
   4300.00000       818.500000     -0.256809682    
   4200.00000       819.000000     -0.276800573    
   4100.00000       819.500000     -0.256010830    
   4000.00000       820.000000     -0.246288121    
   3900.00000       820.500000      -9.45732817E-02
   3800.00000       821.000000     -0.354393601    
   3700.00000       821.500000     -0.227850839    
   3600.00000       822.000000     -0.255344748    
   3500.00000       822.500000     -0.273209602    
   3400.00000       823.000000     -0.281284988    
   3300.00000       823.500000     -0.265722662    
   3200.00000       824.000000     -0.272570491    
   3100.00000       824.500000     -0.227768138    
   3000.00000       825.000000     -0.214848459    
   2900.00000       825.500000     -0.258103639    
   2800.00000       826.000000     -0.271131575    
   2700.00000       826.500000     -0.262539864    
   2600.00000       827.000000     -0.247645169    
   2500.00000       827.500000     -0.325402647    
   2400.00000       828.000000     -0.281511188    
   2300.00000       828.500000     -0.313138902    
   2200.00000       829.000000     -0.317370027    
   2100.00000       829.500000     -0.310285330    
   2000.00000       830.000000     -0.307803988    
   1900.00000       830.500000     -0.268413067    
   1800.00000       831.000000     -0.310273707    
   1700.00000       831.500000     -0.292705983    
   1600.00000       832.000000     -0.279645860    
   1500.00000       832.500000     -0.256979257    
   1400.00000       833.000000     -0.283886969    
   1300.00000       833.500000     -0.287996858    
   1200.00000       834.000000     -0.227016896    
   1100.00000       834.500000     -0.155242845    
   1000.00000       835.000000     -0.355577052    
   900.000000       835.500000     -0.288076580    
   800.000000       836.000000     -0.286133319    
   700.000000       836.500000     -0.138719171    
   600.000000       837.000000     -0.377141565    
   500.000000       837.500000     -0.282405645    
   400.000000       838.000000     -0.300352067    
   300.000000       838.500000     -0.290030122    
   200.000000       839.000000     -0.270160973    
   100.000000       839.500000     -0.295554638    
   0.00000000       840.000000     -0.282372028    
   100.000000       840.500000     -0.285733372    
   200.000000       841.000000     -0.277723700    
   300.000000       841.500000     -0.290656179    
   400.000000       842.000000     -0.288473159    
   500.000000       842.500000     -0.288544387    
   600.000000       843.000000     -0.288192123    
   700.000000       843.500000     -0.288225353    
   800.000000       844.000000     -0.288171709    
   900.000000       844.500000     -0.288739085    
   1000.00000       845.000000     -0.289270520    
   1100.00000       845.500000     -0.289612055    
   1200.00000       846.000000     -0.289994866    
   1300.00000       846.500000     -0.290176898    
   1400.00000       847.000000     -0.294059396    
   1500.00000       847.500000     -0.306423247    
   1600.00000       848.000000     -0.319768578    
   1700.00000       848.500000     -0.328132689    
   1800.00000       849.000000     -0.337518096    
   1900.00000       849.500000     -0.345171630    
   2000.00000       850.000000     -0.348700315    
   2100.00000       850.500000     -0.357359529    
   2200.00000       851.000000     -0.358456403    
   2300.00000       851.500000     -0.363516390    
   2400.00000       852.000000     -0.365707308    
   2500.00000       852.500000     -0.365516722    
   2600.00000       853.000000     -0.358151227    
   2700.00000       853.500000     -0.349488139    
   2800.00000       854.000000     -0.342480123    
   2900.00000       854.500000     -0.337001562    
   3000.00000       855.000000     -0.332435399    
   3100.00000       855.500000     -0.328148037    
   3200.00000       856.000000     -0.320590019    
   3300.00000       856.500000     -0.320548594    
   3400.00000       857.000000     -0.316436768    
   3500.00000       857.500000     -0.314289659    
   3600.00000       858.000000     -0.309862673    
   3700.00000       858.500000     -0.305332273    
   3800.00000       859.000000     -0.294219136    
   3900.00000       859.500000     -0.285847515    
   4000.00000       860.000000     -0.283975095    
   4100.00000       860.500000     -0.286573350    
   4200.00000       861.000000     -0.286996752    
   4300.00000       861.500000     -0.283931822    
   4400.00000       862.000000     -0.285638213    
   4500.00000       862.500000     -0.281176448    
   4600.00000       863.000000     -0.282079518    
   4700.00000       863.500000     -0.281801462    
   4800.00000       864.000000     -0.284290403    
   4900.00000       864.500000     -0.288619727    
   5000.00000       865.000000     -0.285144776    
   5100.00000       865.500000     -0.297568530    
   5200.00000       866.000000     -0.295549661    
   5300.00000       866.500000     -0.293347269    
   5400.00000       867.000000     -0.289946139    
   5500.00000       867.500000     -0.296542376    
   5600.00000       868.000000     -0.269052625    
   5700.00000       868.500000     -0.304569632    
   5800.00000       869.000000     -0.284402162    
   5900.00000       869.500000     -0.274591535    
   6000.00000       870.000000     -0.276985049    
   5900.00000       870.500000     -0.297508866    
   5800.00000       871.000000     -0.282839328    
   5700.00000       871.500000     -0.289773732    
   5600.00000       872.000000     -0.289699465    
   5500.00000       872.500000     -0.284408659    
   5400.00000       873.000000     -0.281978041    
   5300.00000       873.500000     -0.286003143    
   5200.00000       874.000000     -0.285640389    
   5100.00000       874.500000     -0.274133921    
   5000.00000       875.000000     -0.238057539    
   4900.00000       875.500000     -0.291112840    
   4800.00000       876.000000     -0.287492007    
   4700.00000       876.500000     -0.276307851    
   4600.00000       877.000000     -0.282563508    
   4500.00000       877.500000     -0.272033304    
   4400.00000       878.000000     -0.267929673    
   4300.00000       878.500000     -0.238402128    
   4200.00000       879.000000     -0.259923667    
   4100.00000       879.500000     -0.265537679    
   4000.00000       880.000000     -0.270714849    
   3900.00000       880.500000     -0.252862513    
   3800.00000       881.000000     -0.241702512    
   3700.00000       881.500000     -0.253025085    
   3600.00000       882.000000     -0.268195957    
   3500.00000       882.500000     -0.252361089    
   3400.00000       883.000000     -0.268494278    
   3300.00000       883.500000     -0.274259537    
   3200.00000       884.000000     -0.259834111    
   3100.00000       884.500000     -0.268879622    
   3000.00000       885.000000     -0.284985334    
   2900.00000       885.500000     -0.272128165    
   2800.00000       886.000000     -0.248669326    
   2700.00000       886.500000     -0.282933801    
   2600.00000       887.000000     -0.266885042    
   2500.00000       887.500000     -0.274622977    
   2400.00000       888.000000     -0.275392473    
   2300.00000       888.500000     -0.310722977    
   2200.00000       889.000000     -0.289642453    
   2100.00000       889.500000     -0.300940603    
   2000.00000       890.000000     -0.292158812    
   1900.00000       890.500000     -0.304318845    
   1800.00000       891.000000     -0.278591156    
   1700.00000       891.500000     -0.286813706    
   1600.00000       892.000000     -0.302331030    
   1500.00000       892.500000     -0.293806434    
   1400.00000       893.000000     -0.291140467    
   1300.00000       893.500000     -0.298327535    
   1200.00000       894.000000     -0.251028031    
   1100.00000       894.500000     -0.155611053    
   1000.00000       895.000000     -0.227141619    
   900.000000       895.500000     -0.332686484    
   800.000000       896.000000     -0.298878342    
   700.000000       896.500000     -0.296000123    
   600.000000       897.000000     -0.285820603    
   500.000000       897.500000     -0.285648435    
   400.000000       898.000000     -0.279253513    
   300.000000       898.500000     -0.287925839    
   200.000000       899.000000     -0.284351438    
   100.000000       899.500000     -0.250649840    
   0.00000000       900.000000     -0.297462672    
   100.000000       900.500000     -0.287070513    
   200.000000       901.000000     -0.286707312    
   300.000000       901.500000     -0.285599023    
   400.000000       902.000000     -0.284940988    
   500.000000       902.500000     -0.283127367    
   600.000000       903.000000     -0.283834964    
   700.000000       903.500000     -0.285742313    
   800.000000       904.000000     -0.283815444    
   900.000000       904.500000     -0.284092814    
   1000.00000       905.000000     -0.285519987    
   1100.00000       905.500000     -0.285004854    
   1200.00000       906.000000     -0.284694016    
   1300.00000       906.500000     -0.286101639    
   1400.00000       907.000000     -0.288694084    
   1500.00000       907.500000     -0.298858076    
   1600.00000       908.000000     -0.306467503    
   1700.00000       908.500000     -0.304010004    
   1800.00000       909.000000     -0.313900650    
   1900.00000       909.500000     -0.322177738    
   2000.00000       910.000000     -0.321626008    
   2100.00000       910.500000     -0.324239612    
   2200.00000       911.000000     -0.327503324    
   2300.00000       911.500000     -0.330226749    
   2400.00000       912.000000     -0.335994095    
   2500.00000       912.500000     -0.341391891    
   2600.00000       913.000000     -0.330935001    
   2700.00000       913.500000     -0.319723666    
   2800.00000       914.000000     -0.322432250    
   2900.00000       914.500000     -0.315904051    
   3000.00000       915.000000     -0.310827672    
   3100.00000       915.500000     -0.310059816    
   3200.00000       916.000000     -0.308341563    
   3300.00000       916.500000     -0.304252088    
   3400.00000       917.000000     -0.305507064    
   3500.00000       917.500000     -0.301119119    
   3600.00000       918.000000     -0.299112737    
   3700.00000       918.500000     -0.296565831    
   3800.00000       919.000000     -0.286628485    
   3900.00000       919.500000     -0.283491939    
   4000.00000       920.000000     -0.282084286    
   4100.00000       920.500000     -0.281450182    
   4200.00000       921.000000     -0.279515028    
   4300.00000       921.500000     -0.275549829    
   4400.00000       922.000000     -0.274539530    
   4500.00000       922.500000     -0.269436777    
   4600.00000       923.000000     -0.270370781    
   4700.00000       923.500000     -0.274356782    
   4800.00000       924.000000     -0.276167780    
   4900.00000       924.500000     -0.281884253    
   5000.00000       925.000000     -0.281852126    
   5100.00000       925.500000     -0.283643246    
   5200.00000       926.000000     -0.288339347    
   5300.00000       926.500000     -0.272397041    
   5400.00000       927.000000     -0.295186281    
   5500.00000       927.500000     -0.281012833    
   5600.00000       928.000000     -0.285034508    
   5700.00000       928.500000     -0.285795063    
   5800.00000       929.000000     -0.288711727    
   5900.00000       929.500000     -0.279796302    
   6000.00000       930.000000     -0.284895033    
   5900.00000       930.500000     -0.285194755    
   5800.00000       931.000000     -0.277587712    
   5700.00000       931.500000     -0.282304615    
   5600.00000       932.000000     -0.282560319    
   5500.00000       932.500000     -0.284711301    
   5400.00000       933.000000     -0.280621529    
   5300.00000       933.500000     -0.275813967    
   5200.00000       934.000000     -0.277840078    
   5100.00000       934.500000     -0.272500753    
   5000.00000       935.000000     -0.277552336    
   4900.00000       935.500000     -0.276280582    
   4800.00000       936.000000     -0.276384145    
   4700.00000       936.500000     -0.272588015    
   4600.00000       937.000000     -0.268905699    
   4500.00000       937.500000     -0.268754601    
   4400.00000       938.000000     -0.259612083    
   4300.00000       938.500000     -0.256912142    
   4200.00000       939.000000     -0.265291870    
   4100.00000       939.500000     -0.259807199    
   4000.00000       940.000000     -0.262859851    
   3900.00000       940.500000     -0.269417852    
   3800.00000       941.000000     -0.269358397    
   3700.00000       941.500000     -0.262480468    
   3600.00000       942.000000     -0.254540324    
   3500.00000       942.500000     -0.269396245    
   3400.00000       943.000000     -0.263978124    
   3300.00000       943.500000     -0.260591984    
   3200.00000       944.000000     -0.280155331    
   3100.00000       944.500000     -0.274851203    
   3000.00000       945.000000     -0.276978046    
   2900.00000       945.500000     -0.276687831    
   2800.00000       946.000000     -0.275607586    
   2700.00000       946.500000     -0.258049011    
   2600.00000       947.000000     -0.287570149    
   2500.00000       947.500000     -0.289816201    
   2400.00000       948.000000     -0.289638877    
   2300.00000       948.500000     -0.292089224    
   2200.00000       949.000000     -0.294756770    
   2100.00000       949.500000     -0.304280460    
   2000.00000       950.000000     -0.300703079    
   1900.00000       950.500000     -0.306089014    
   1800.00000       951.000000     -0.299007684    
   1700.00000       951.500000     -0.309896052    
   1600.00000       952.000000     -0.309596300    
   1500.00000       952.500000     -0.306350619    
   1400.00000       953.000000     -0.303181201    
   1300.00000       953.500000     -0.294672132    
   1200.00000       954.000000     -0.285951227    
   1100.00000       954.500000     -0.278960556    
   1000.00000       955.000000     -0.250391543    
   900.000000       955.500000     -0.295807213    
   800.000000       956.000000     -0.293201834    
   700.000000       956.500000     -0.292795241    
   600.000000       957.000000     -0.287563443    
   500.000000       957.500000     -0.283526957    
   400.000000       958.000000     -0.287459970    
   300.000000       958.500000     -0.286233664    
   200.000000       959.000000     -0.276610643    
   100.000000       959.500000     -0.282121539    
