   1.00000000       0.00000000       6.32211426E-03
   2.00000000       0.00000000       6.00204663E-03
   3.00000000       0.00000000       5.61190629E-03
   4.00000000       0.00000000       5.83261112E-03
   5.00000000       0.00000000       4.78644762E-03
   6.00000000       0.00000000       6.18393393E-03
   7.00000000       0.00000000       4.76887356E-03
   8.00000000       0.00000000       4.07379959E-03
   9.00000000       0.00000000       3.25445016E-03
   10.0000000       0.00000000       4.03473061E-03
   11.0000000       0.00000000       4.98274202E-03
   12.0000000       0.00000000       1.12902159E-02
   13.0000000       0.00000000       1.64597258E-02
   14.0000000       0.00000000       1.70395672E-02
   15.0000000       0.00000000       1.62597708E-02
   16.0000000       0.00000000       1.64204240E-02
   17.0000000       0.00000000       1.83286481E-02
   18.0000000       0.00000000       1.62033513E-02
   19.0000000       0.00000000       1.59428604E-02
   20.0000000       0.00000000       1.52788088E-02
   20.0000000       1.00000000       1.37091950E-02
   19.0000000       1.00000000       1.09178917E-02
   18.0000000       1.00000000       7.50280730E-03
   17.0000000       1.00000000       5.65217668E-03
   16.0000000       1.00000000       3.84163018E-03
   15.0000000       1.00000000       1.99930696E-03
   14.0000000       1.00000000       2.48610904E-03
   13.0000000       1.00000000       3.72808333E-03
   12.0000000       1.00000000       3.96393146E-03
   11.0000000       1.00000000       8.17860290E-03
   10.0000000       1.00000000       1.13402558E-02
   9.00000000       1.00000000       1.76284518E-02
   8.00000000       1.00000000       1.49111226E-02
   7.00000000       1.00000000       1.69318877E-02
   6.00000000       1.00000000       1.49706900E-02
   5.00000000       1.00000000       1.50107183E-02
   4.00000000       1.00000000       1.49850883E-02
   3.00000000       1.00000000       1.28060924E-02
   2.00000000       1.00000000       1.14528248E-02
   1.00000000       1.00000000       9.81533621E-03
   0.00000000       1.00000000       7.94177689E-03
   0.00000000       2.00000000       7.30408169E-03
   1.00000000       2.00000000       2.99785216E-03
   2.00000000       2.00000000       2.85869394E-03
   3.00000000       2.00000000       1.84971057E-02
   4.00000000       2.00000000       8.06409679E-03
   5.00000000       2.00000000       8.38072784E-03
   6.00000000       2.00000000       9.52822901E-03
   7.00000000       2.00000000       1.02774957E-02
   8.00000000       2.00000000       8.34485330E-03
   9.00000000       2.00000000      -4.43868223E-04
   10.0000000       2.00000000       4.71730791E-02
   11.0000000       2.00000000      -1.35136368E-02
   12.0000000       2.00000000       1.44294426E-02
   13.0000000       2.00000000       2.04907674E-02
   14.0000000       2.00000000       2.64920983E-02
   15.0000000       2.00000000       2.01450977E-02
   16.0000000       2.00000000       1.94077715E-02
   17.0000000       2.00000000       1.90559365E-02
   18.0000000       2.00000000       1.82427242E-02
   19.0000000       2.00000000       1.72251239E-02
   20.0000000       2.00000000       1.51706450E-02
   20.0000000       3.00000000       1.31537551E-02
   19.0000000       3.00000000       1.06156403E-02
   18.0000000       3.00000000       5.97787881E-03
   17.0000000       3.00000000       4.15654760E-03
   16.0000000       3.00000000       2.79398565E-03
   15.0000000       3.00000000       1.99003099E-03
   14.0000000       3.00000000       2.29740469E-03
   13.0000000       3.00000000       3.11819767E-03
   12.0000000       3.00000000       6.53672824E-03
   11.0000000       3.00000000       2.39200275E-02
   10.0000000       3.00000000       2.79730856E-02
   9.00000000       3.00000000       2.40938682E-02
   8.00000000       3.00000000       2.19849627E-02
   7.00000000       3.00000000       1.80845112E-02
   6.00000000       3.00000000       1.74270160E-02
   5.00000000       3.00000000       1.53906234E-02
   4.00000000       3.00000000       1.57807730E-02
   3.00000000       3.00000000       1.37926787E-02
   2.00000000       3.00000000       1.37648694E-02
   1.00000000       3.00000000       1.10885473E-02
   0.00000000       3.00000000       9.34243016E-03
   0.00000000       4.00000000       8.56507383E-03
   1.00000000       4.00000000       9.85879172E-03
   2.00000000       4.00000000       9.47108306E-03
   3.00000000       4.00000000       1.10006677E-02
   4.00000000       4.00000000       1.24394121E-02
   5.00000000       4.00000000       1.06730098E-02
   6.00000000       4.00000000       1.06595801E-02
   7.00000000       4.00000000       1.29696885E-02
   8.00000000       4.00000000       1.36274071E-02
   9.00000000       4.00000000       1.23244124E-02
   10.0000000       4.00000000       1.01915533E-02
   11.0000000       4.00000000       8.29919986E-03
   12.0000000       4.00000000       1.10641466E-02
   13.0000000       4.00000000       1.94902867E-02
   14.0000000       4.00000000       2.01079752E-02
   15.0000000       4.00000000       1.82429478E-02
   16.0000000       4.00000000       2.45030727E-02
   17.0000000       4.00000000       1.88115761E-02
   18.0000000       4.00000000       1.86128318E-02
   19.0000000       4.00000000       1.73708573E-02
   20.0000000       4.00000000       1.64409317E-02
   20.0000000       5.00000000       1.32885175E-02
   19.0000000       5.00000000       1.33278565E-02
   18.0000000       5.00000000       4.04082146E-03
   17.0000000       5.00000000       6.27474720E-03
   16.0000000       5.00000000       2.81596486E-03
   15.0000000       5.00000000       2.77738948E-03
   14.0000000       5.00000000       2.54373928E-03
   13.0000000       5.00000000       5.75154880E-03
   12.0000000       5.00000000       1.03993313E-02
   11.0000000       5.00000000       1.37421452E-02
   10.0000000       5.00000000       1.73869878E-02
   9.00000000       5.00000000       2.12232154E-02
   8.00000000       5.00000000       1.98022965E-02
   7.00000000       5.00000000       1.82822682E-02
   6.00000000       5.00000000       1.94656253E-02
   5.00000000       5.00000000       2.07090694E-02
   4.00000000       5.00000000       1.74721852E-02
   3.00000000       5.00000000       1.56225413E-02
   2.00000000       5.00000000       1.43937916E-02
   1.00000000       5.00000000       1.26207964E-02
   0.00000000       5.00000000       1.10951411E-02
   0.00000000       6.00000000       9.62856971E-03
   1.00000000       6.00000000       1.04542607E-02
   2.00000000       6.00000000       1.18102478E-02
   3.00000000       6.00000000       1.14108035E-02
   4.00000000       6.00000000       1.24750445E-02
   5.00000000       6.00000000       1.18053677E-02
   6.00000000       6.00000000       9.36098211E-03
   7.00000000       6.00000000       1.03429304E-02
   8.00000000       6.00000000       1.03434334E-02
   9.00000000       6.00000000       1.21718058E-02
   10.0000000       6.00000000       1.07042650E-02
   11.0000000       6.00000000       1.06149139E-02
   12.0000000       6.00000000       1.39635950E-02
   13.0000000       6.00000000       1.47111677E-02
   14.0000000       6.00000000       1.62443854E-02
   15.0000000       6.00000000       1.93088837E-02
   16.0000000       6.00000000       2.08282042E-02
   17.0000000       6.00000000       2.13575121E-02
   18.0000000       6.00000000       1.90669447E-02
   19.0000000       6.00000000       1.78435408E-02
   20.0000000       6.00000000       1.45148635E-02
   20.0000000       7.00000000       1.46679357E-02
   19.0000000       7.00000000       8.71008076E-03
   18.0000000       7.00000000       9.03090276E-03
   17.0000000       7.00000000       5.14851743E-03
   16.0000000       7.00000000       4.26838081E-03
   15.0000000       7.00000000       3.40020214E-03
   14.0000000       7.00000000       3.99105158E-03
   13.0000000       7.00000000       8.94203596E-03
   12.0000000       7.00000000       1.05338516E-02
   11.0000000       7.00000000       1.32189663E-02
   10.0000000       7.00000000       1.59294493E-02
   9.00000000       7.00000000       1.90014914E-02
   8.00000000       7.00000000       1.96438599E-02
   7.00000000       7.00000000       2.05159504E-02
   6.00000000       7.00000000       2.07788628E-02
   5.00000000       7.00000000       1.99907962E-02
   4.00000000       7.00000000       1.77575983E-02
   3.00000000       7.00000000       1.51232779E-02
   2.00000000       7.00000000       1.27186971E-02
   1.00000000       7.00000000       1.11288363E-02
   0.00000000       7.00000000       9.02356394E-03
   0.00000000       8.00000000       9.85268224E-03
   1.00000000       8.00000000       1.13361115E-02
   2.00000000       8.00000000       1.15507068E-02
   3.00000000       8.00000000       1.28166163E-02
   4.00000000       8.00000000       1.39941052E-02
   5.00000000       8.00000000       1.34005928E-02
   6.00000000       8.00000000       1.22140506E-02
   7.00000000       8.00000000       1.03282714E-02
   8.00000000       8.00000000       1.04164118E-02
   9.00000000       8.00000000       9.70084034E-03
   10.0000000       8.00000000       1.13146352E-02
   11.0000000       8.00000000       1.20211737E-02
   12.0000000       8.00000000       1.46369413E-02
   13.0000000       8.00000000       1.56664997E-02
   14.0000000       8.00000000       1.68794170E-02
   15.0000000       8.00000000       1.77746788E-02
   16.0000000       8.00000000       1.84949264E-02
   17.0000000       8.00000000       1.82629712E-02
   18.0000000       8.00000000       1.69909894E-02
   19.0000000       8.00000000       1.53117776E-02
   20.0000000       8.00000000       1.34626003E-02
   20.0000000       9.00000000       1.21134678E-02
   19.0000000       9.00000000       1.08497748E-02
   18.0000000       9.00000000       9.20058973E-03
   17.0000000       9.00000000       7.53039308E-03
   16.0000000       9.00000000       6.57919655E-03
   15.0000000       9.00000000       6.34752074E-03
   14.0000000       9.00000000       5.78401471E-03
   13.0000000       9.00000000       8.05554725E-03
   12.0000000       9.00000000       9.83755756E-03
   11.0000000       9.00000000       1.25785517E-02
   10.0000000       9.00000000       1.48322582E-02
   9.00000000       9.00000000       1.72849335E-02
   8.00000000       9.00000000       1.94673389E-02
   7.00000000       9.00000000       1.95535216E-02
   6.00000000       9.00000000       1.96995158E-02
   5.00000000       9.00000000       1.59733891E-02
   4.00000000       9.00000000       1.33334631E-02
   3.00000000       9.00000000       1.16732689E-02
   2.00000000       9.00000000       1.04237506E-02
   1.00000000       9.00000000       8.97964276E-03
   0.00000000       9.00000000       8.16905685E-03
   0.00000000       10.0000000       9.10121761E-03
   1.00000000       10.0000000       1.05609531E-02
   2.00000000       10.0000000       1.20639028E-02
   3.00000000       10.0000000       1.28659206E-02
   4.00000000       10.0000000       1.38703324E-02
   5.00000000       10.0000000       1.56857781E-02
   6.00000000       10.0000000       1.51520930E-02
   7.00000000       10.0000000       1.22743631E-02
   8.00000000       10.0000000       1.06139453E-02
   9.00000000       10.0000000       1.09911496E-02
   10.0000000       10.0000000       1.16027119E-02
   11.0000000       10.0000000       1.24835940E-02
   12.0000000       10.0000000       1.38847493E-02
   13.0000000       10.0000000       1.37106478E-02
   14.0000000       10.0000000       1.36369253E-02
   15.0000000       10.0000000       1.30441384E-02
   16.0000000       10.0000000       1.41381621E-02
   17.0000000       10.0000000       1.30888233E-02
   18.0000000       10.0000000       1.18468674E-02
   19.0000000       10.0000000       1.01368660E-02
   20.0000000       10.0000000       9.81852133E-03
   20.0000000       11.0000000       1.04869874E-02
   19.0000000       11.0000000       1.01900818E-02
   18.0000000       11.0000000       1.04449848E-02
   17.0000000       11.0000000       8.97496752E-03
   16.0000000       11.0000000       6.93321042E-03
   15.0000000       11.0000000       8.95278342E-03
   14.0000000       11.0000000       8.42492841E-03
   13.0000000       11.0000000       9.26455297E-03
   12.0000000       11.0000000       9.46083851E-03
   11.0000000       11.0000000       1.10983076E-02
   10.0000000       11.0000000       1.27248066E-02
   9.00000000       11.0000000       1.36860050E-02
   8.00000000       11.0000000       1.61564872E-02
   7.00000000       11.0000000       1.52485222E-02
   6.00000000       11.0000000       1.33068459E-02
   5.00000000       11.0000000       9.21815448E-03
   4.00000000       11.0000000       7.82191567E-03
   3.00000000       11.0000000       6.83627836E-03
   2.00000000       11.0000000       6.30453089E-03
   1.00000000       11.0000000       6.21715421E-03
   0.00000000       11.0000000       6.60190219E-03
   0.00000000       12.0000000       7.40391947E-03
   1.00000000       12.0000000       9.75576974E-03
   2.00000000       12.0000000       1.06122131E-02
   3.00000000       12.0000000       1.06100338E-02
   4.00000000       12.0000000       1.28046209E-02
   5.00000000       12.0000000       1.36144804E-02
   6.00000000       12.0000000       1.47372819E-02
   7.00000000       12.0000000       1.39604099E-02
   8.00000000       12.0000000       1.15429023E-02
   9.00000000       12.0000000       1.01004886E-02
   10.0000000       12.0000000       8.75575282E-03
   11.0000000       12.0000000       1.09010534E-02
   12.0000000       12.0000000       9.80971102E-03
   13.0000000       12.0000000       8.09754990E-03
   14.0000000       12.0000000       8.52430053E-03
   15.0000000       12.0000000       6.73815468E-03
   16.0000000       12.0000000       7.64660351E-03
   17.0000000       12.0000000       7.10142590E-03
   18.0000000       12.0000000       6.52622292E-03
   19.0000000       12.0000000       7.05821253E-03
   20.0000000       12.0000000       7.20592029E-03
   20.0000000       13.0000000       7.93957897E-03
   19.0000000       13.0000000       8.72131251E-03
   18.0000000       13.0000000       8.30629654E-03
   17.0000000       13.0000000       9.21547227E-03
   16.0000000       13.0000000       8.39099102E-03
   15.0000000       13.0000000       8.51722248E-03
   14.0000000       13.0000000       9.10656340E-03
   13.0000000       13.0000000       1.06017264E-02
   12.0000000       13.0000000       1.03070373E-02
   11.0000000       13.0000000       1.14789391E-02
   10.0000000       13.0000000       9.63100977E-03
   9.00000000       13.0000000       1.00929262E-02
   8.00000000       13.0000000       9.78188310E-03
   7.00000000       13.0000000       8.13074224E-03
   6.00000000       13.0000000       6.48936117E-03
   5.00000000       13.0000000       5.84384287E-03
   4.00000000       13.0000000       5.05646551E-03
   3.00000000       13.0000000       6.02573017E-03
   2.00000000       13.0000000       6.84385933E-03
   1.00000000       13.0000000       6.58724317E-03
   0.00000000       13.0000000       7.50452094E-03
   0.00000000       14.0000000       6.66146958E-03
   1.00000000       14.0000000       9.57315601E-03
   2.00000000       14.0000000       8.86561163E-03
   3.00000000       14.0000000       1.01756835E-02
   4.00000000       14.0000000       8.31799395E-03
   5.00000000       14.0000000       9.82535724E-03
   6.00000000       14.0000000       1.11158723E-02
   7.00000000       14.0000000       1.10079879E-02
   8.00000000       14.0000000       8.61316733E-03
   9.00000000       14.0000000       8.32460634E-03
   10.0000000       14.0000000       7.52916373E-03
   11.0000000       14.0000000       6.37313211E-03
   12.0000000       14.0000000       5.17245242E-03
   13.0000000       14.0000000       5.14827529E-03
   14.0000000       14.0000000       4.96566156E-03
   15.0000000       14.0000000       4.86529339E-03
   16.0000000       14.0000000       7.81532191E-03
   17.0000000       14.0000000       4.75886185E-03
   18.0000000       14.0000000       7.02866167E-03
   19.0000000       14.0000000       6.76377537E-03
   20.0000000       14.0000000       5.60872117E-03
   20.0000000       15.0000000       9.47670825E-03
   19.0000000       15.0000000       7.09800795E-03
   18.0000000       15.0000000       7.29112700E-03
   17.0000000       15.0000000       8.48670304E-03
   16.0000000       15.0000000       8.29284824E-03
   15.0000000       15.0000000       8.22400488E-03
   14.0000000       15.0000000       8.15516151E-03
   13.0000000       15.0000000       9.36587155E-03
   12.0000000       15.0000000       9.39100794E-03
   11.0000000       15.0000000       1.00726513E-02
   10.0000000       15.0000000       8.53358582E-03
   9.00000000       15.0000000       8.28429870E-03
   8.00000000       15.0000000       8.31921399E-03
   7.00000000       15.0000000       6.68054307E-03
   6.00000000       15.0000000       7.15658814E-03
   5.00000000       15.0000000       6.74693706E-03
   4.00000000       15.0000000       5.44490153E-03
   3.00000000       15.0000000       6.54673995E-03
   2.00000000       15.0000000       6.25961320E-03
   1.00000000       15.0000000       6.83043012E-03
   0.00000000       15.0000000       7.39439204E-03
   0.00000000       16.0000000       6.64586062E-03
   1.00000000       16.0000000       8.07238556E-03
   2.00000000       16.0000000       7.87829794E-03
   3.00000000       16.0000000       6.81382464E-03
   4.00000000       16.0000000      -5.82332583E-03
   5.00000000       16.0000000       1.84248351E-02
   6.00000000       16.0000000       1.00658247E-02
   7.00000000       16.0000000       9.22402181E-03
   8.00000000       16.0000000       8.17249343E-03
   9.00000000       16.0000000       6.83481665E-03
   10.0000000       16.0000000       6.48374530E-03
   11.0000000       16.0000000       6.08309964E-03
   12.0000000       16.0000000       6.20248588E-03
   13.0000000       16.0000000       5.71151124E-03
   14.0000000       16.0000000       5.76570490E-03
   15.0000000       16.0000000       5.43148117E-03
   16.0000000       16.0000000       6.13437826E-03
   17.0000000       16.0000000       5.93466545E-03
   18.0000000       16.0000000       6.24521496E-03
   19.0000000       16.0000000       6.13486255E-03
   20.0000000       16.0000000       6.67539285E-03
   20.0000000       17.0000000       6.10263878E-03
   19.0000000       17.0000000       6.64463127E-03
   18.0000000       17.0000000       7.58214667E-03
   17.0000000       17.0000000       7.04380497E-03
   16.0000000       17.0000000       6.70152577E-03
   15.0000000       17.0000000       7.57237710E-03
   14.0000000       17.0000000       7.52551295E-03
   13.0000000       17.0000000       7.35753030E-03
   12.0000000       17.0000000       7.53625110E-03
   11.0000000       17.0000000       7.52770156E-03
   10.0000000       17.0000000       7.83971325E-03
   9.00000000       17.0000000       7.15538673E-03
   8.00000000       17.0000000       7.40173087E-03
   7.00000000       17.0000000       6.56651193E-03
   6.00000000       17.0000000       6.64097117E-03
   5.00000000       17.0000000       7.02818669E-03
   4.00000000       17.0000000       5.56574995E-03
   3.00000000       17.0000000       6.20810175E-03
   2.00000000       17.0000000       6.04648003E-03
   1.00000000       17.0000000       7.27525726E-03
   0.00000000       17.0000000       6.04818435E-03
   0.00000000       18.0000000       7.70324655E-03
   1.00000000       18.0000000       5.97640732E-03
   2.00000000       18.0000000       7.09092990E-03
   3.00000000       18.0000000       7.35533237E-03
   4.00000000       18.0000000       6.25546882E-03
   5.00000000       18.0000000       7.36022182E-03
   6.00000000       18.0000000       6.62241923E-03
   7.00000000       18.0000000       6.79868134E-03
   8.00000000       18.0000000       6.65732520E-03
   9.00000000       18.0000000       6.07943954E-03
   10.0000000       18.0000000       5.97128505E-03
   11.0000000       18.0000000       6.08431967E-03
   12.0000000       18.0000000       5.68270544E-03
   13.0000000       18.0000000       6.17098855E-03
   14.0000000       18.0000000       5.97836310E-03
   15.0000000       18.0000000       5.65048167E-03
   16.0000000       18.0000000       5.93783194E-03
   17.0000000       18.0000000       5.98813267E-03
   18.0000000       18.0000000       6.08162815E-03
   19.0000000       18.0000000       5.86385699E-03
   20.0000000       18.0000000       5.77792386E-03
   20.0000000       19.0000000       6.21664198E-03
   19.0000000       19.0000000       5.99545287E-03
   18.0000000       19.0000000       6.72080414E-03
   17.0000000       19.0000000       6.67295279E-03
   16.0000000       19.0000000       6.38266886E-03
   15.0000000       19.0000000       6.91709854E-03
   14.0000000       19.0000000       6.42856443E-03
   13.0000000       19.0000000       6.84703514E-03
   12.0000000       19.0000000       6.42710226E-03
   11.0000000       19.0000000       6.59067975E-03
   10.0000000       19.0000000       6.39634067E-03
   9.00000000       19.0000000       6.57285424E-03
   8.00000000       19.0000000       6.94882870E-03
   7.00000000       19.0000000       6.31308975E-03
   6.00000000       19.0000000       6.35728100E-03
   5.00000000       19.0000000       6.55552233E-03
   4.00000000       19.0000000       6.12924667E-03
   3.00000000       19.0000000       5.97446086E-03
   2.00000000       19.0000000       5.51985437E-03
   1.00000000       19.0000000       5.66391135E-03
   0.00000000       19.0000000       7.20909610E-03
   0.00000000       20.0000000       6.31870562E-03
   1.00000000       20.0000000       6.60239579E-03
   2.00000000       20.0000000       5.98251680E-03
   3.00000000       20.0000000       6.42001489E-03
   4.00000000       20.0000000       6.16269046E-03
   5.00000000       20.0000000       6.27817446E-03
   6.00000000       20.0000000       6.20468380E-03
   7.00000000       20.0000000       5.82991960E-03
   8.00000000       20.0000000       5.73471049E-03
   9.00000000       20.0000000       6.35385374E-03
   10.0000000       20.0000000       5.38436556E-03
   11.0000000       20.0000000       5.74814016E-03
   12.0000000       20.0000000       5.72224939E-03
   13.0000000       20.0000000       6.05283165E-03
   14.0000000       20.0000000       5.43928565E-03
   15.0000000       20.0000000       5.68416761E-03
   16.0000000       20.0000000       5.53304190E-03
   17.0000000       20.0000000       5.39509440E-03
   18.0000000       20.0000000       5.53011755E-03
   19.0000000       20.0000000       6.00570673E-03
   20.0000000       20.0000000       5.22713969E-03
