0	0	-0.19421269
100	0.5	-0.19367777
200	1	-0.193699
300	1.5	-0.1940076
400	2	-0.19445951
500	2.5	-0.19495513
600	3	-0.1955235
700	3.5	-0.19562018
800	4	-0.19579035
900	4.5	-0.19604427
1000	5	-0.1963658
1100	5.5	-0.19633919
1200	6	-0.19645002
1300	6.5	-0.19659457
1400	7	-0.19683358
1500	7.5	-0.19631624
1600	8	-0.1953421
1700	8.5	-0.19484796
1800	9	-0.1955528
1900	9.5	-0.19599421
2000	10	-0.1960699
2100	10.5	-0.19491582
2200	11	-0.1943433
2300	11.5	-0.19438432
2400	12	-0.1945711
2500	12.5	-0.19525519
2600	13	-0.1957713
2700	13.5	-0.19626229
2800	14	-0.19663021
2900	14.5	-0.19711068
3000	15	-0.19757651
3100	15.5	-0.197931
3200	16	-0.19845738
3300	16.5	-0.19911046
3400	17	-0.19986536
3500	17.5	-0.20060682
3600	18	-0.20107485
3700	18.5	-0.19985853
3800	19	-0.19654769
3900	19.5	-0.19529815
4000	20	-0.1947249
4100	20.5	-0.19212696
4200	21	-0.18197055
4300	21.5	-0.18598478
4400	22	-0.1880727
4500	22.5	-0.18511978
4600	23	-0.18798774
4700	23.5	-0.18725237
4800	24	-0.18920895
4900	24.5	-0.19081102
5000	25	-0.11035423
5100	25.5	-0.19606574
5200	26	-0.19787583
5300	26.5	-0.2003163
5400	27	-0.20187907
5500	27.5	-0.20333344
5600	28	-0.20403388
5700	28.5	-0.20506075
5800	29	-0.2050295
5900	29.5	-0.20621116
6000	30	-0.20609397
5900	30.5	-0.20630004
5800	31	-0.2055471
5700	31.5	-0.2034826
5600	32	-0.20387422
5500	32.5	-0.20359124
5400	33	-0.203018
5300	33.5	-0.20235613
5200	34	-0.20136343
5100	34.5	-0.2003976
5000	35	-0.19883165
4900	35.5	-0.19775912
4800	36	-0.19634406
4700	36.5	-0.19465216
4600	37	-0.19364408
4500	37.5	-0.19106299
4400	38	-0.1902473
4300	38.5	-0.19165479
4200	39	-0.19326858
4100	39.5	-0.19482036
4000	40	-0.19735043
3900	40.5	-0.19984022
3800	41	-0.20197476
3700	41.5	-0.20288226
3600	42	-0.20267375
3500	42.5	-0.20312542
3400	43	-0.20480587
3300	43.5	-0.20655029
3200	44	-0.2085713
3100	44.5	-0.21034282
3000	45	-0.2114024
2900	45.5	-0.21246956
2800	46	-0.2129371
2700	46.5	-0.21314974
2600	47	-0.21346566
2500	47.5	-0.21360654
2400	48	-0.21335727
2300	48.5	-0.213087
2200	49	-0.21292293
2100	49.5	-0.21234211
2000	50	-0.2113863
1900	50.5	-0.21027787
1800	51	-0.21028934
1700	51.5	-0.211211
1600	52	-0.21197125
1500	52.5	-0.21204817
1400	53	-0.21172394
1300	53.5	-0.21152472
1200	54	-0.21176057
1100	54.5	-0.21196027
1000	55	-0.21248616
900	55.5	-0.2127225
800	56	-0.212618
700	56.5	-0.21248299
600	57	-0.2127784
500	57.5	-0.2131263
400	58	-0.21338607
300	58.5	-0.2139232
200	59	-0.21325669
100	59.5	-0.2130123
0	60	-0.20405854
100	60.5	-0.20759326
200	61	-0.20677635
300	61.5	-0.20891115
400	62	-0.2087195
500	62.5	-0.20988798
600	63	-0.2103389
700	63.5	-0.21055937
800	64	-0.21084648
900	64.5	-0.2109024
1000	65	-0.21122052
1100	65.5	-0.21137482
1200	66	-0.21161163
1300	66.5	-0.21164094
1400	67	-0.21185651
1500	67.5	-0.21144171
1600	68	-0.21107085
1700	68.5	-0.21088165
1800	69	-0.21096832
1900	69.5	-0.21101983
2000	70	-0.21039897
2100	70.5	-0.20910744
2200	71	-0.20809181
2300	71.5	-0.20744947
2400	72	-0.20721191
2500	72.5	-0.20717187
2600	73	-0.20715697
2700	73.5	-0.20722656
2800	74	-0.20737891
2900	74.5	-0.20789698
3000	75	-0.20865285
3100	75.5	-0.20919777
3200	76	-0.20968778
3300	76.5	-0.21018657
3400	77	-0.21081305
3500	77.5	-0.21119341
3600	78	-0.21123834
3700	78.5	-0.20994925
3800	79	-0.20684399
3900	79.5	-0.20548801
4000	80	-0.20554636
4100	80.5	-0.20580417
4200	81	-0.20627122
4300	81.5	-0.20636594
4400	82	-0.2056284
4500	82.5	-0.20439179
4600	83	-0.20155533
4700	83.5	-0.20111807
4800	84	-0.20178922
4900	84.5	-0.20330633
5000	85	-0.20490743
5100	85.5	-0.20587571
5200	86	-0.20625657
5300	86.5	-0.20675658
5400	87	-0.20774853
5500	87.5	-0.2089004
5600	88	-0.21010087
5700	88.5	-0.21076958
5800	89	-0.20802417
5900	89.5	-0.214609
6000	90	-0.20855543
5900	90.5	-0.20978129
5800	91	-0.2095806
5700	91.5	-0.20971341
5600	92	-0.2098206
5500	92.5	-0.21011698
5400	93	-0.20999174
5300	93.5	-0.20965897
5200	94	-0.20962308
5100	94.5	-0.2096741
5000	95	-0.20967166
4900	95.5	-0.20924905
4800	96	-0.20775953
4700	96.5	-0.2067744
4600	97	-0.20478708
4500	97.5	-0.20193376
4400	98	-0.19811387
4300	98.5	-0.1973868
4200	99	-0.19884948
4100	99.5	-0.20135269
4000	100	-0.20394379
3900	100.5	-0.2061621
3800	101	-0.20774317
3700	101.5	-0.20799147
3600	102	-0.20681883
3500	102.5	-0.20656736
3400	103	-0.20767677
3300	103.5	-0.20930374
3200	104	-0.21106842
3100	104.5	-0.21237776
3000	105	-0.2138961
2900	105.5	-0.21488781
2800	106	-0.21479504
2700	106.5	-0.21496984
2600	107	-0.21517321
2500	107.5	-0.21491344
2400	108	-0.21465562
2300	108.5	-0.2146981
2200	109	-0.21431017
2100	109.5	-0.21371713
2000	110	-0.2124886
1900	110.5	-0.21179938
1800	111	-0.21200252
1700	111.5	-0.21261214
1600	112	-0.21331528
1500	112.5	-0.21375035
1400	113	-0.21397984
1300	113.5	-0.21399106
1200	114	-0.21430308
1100	114.5	-0.21437095
1000	115	-0.21459362
900	115.5	-0.21466832
800	116	-0.21433848
700	116.5	-0.21462828
600	117	-0.2148424
500	117.5	-0.21515319
400	118	-0.21523888
300	118.5	-0.21527746
200	119	-0.21509802
100	119.5	-0.2145106
0	120	-0.21484728
100	120.5	-0.21484093
200	121	-0.21465953
300	121.5	-0.21446885
400	122	-0.21422105
500	122.5	-0.21415025
600	123	-0.21385655
700	123.5	-0.21371323
800	124	-0.21340023
900	124.5	-0.21344125
1000	125	-0.21328549
1100	125.5	-0.21326107
1200	126	-0.21317661
1300	126.5	-0.213118
1400	127	-0.21306235
1500	127.5	-0.21255672
1600	128	-0.21238044
1700	128.5	-0.21242195
1800	129	-0.21213484
1900	129.5	-0.21219051
2000	130	-0.21153547
2100	130.5	-0.2102498
2200	131	-0.20903103
2300	131.5	-0.20860036
2400	132	-0.2085027
2500	132.5	-0.20855226
2600	133	-0.20862673
2700	133.5	-0.20818508
2800	134	-0.20862721
2900	134.5	-0.20885769
3000	135	-0.20911233
3100	135.5	-0.2096331
3200	136	-0.20995755
3300	136.5	-0.21006034
3400	137	-0.21009672
3500	137.5	-0.21034648
3600	138	-0.2106287
3700	138.5	-0.20983694
3800	139	-0.20726244
3900	139.5	-0.20605905
4000	140	-0.20637229
4100	140.5	-0.20701952
4200	141	-0.20800026
4300	141.5	-0.20851637
4400	142	-0.2074983
4500	142.5	-0.20250432
4600	143	-0.20029311
4700	143.5	-0.19955872
4800	144	-0.19966711
4900	144.5	-0.20103775
5000	145	-0.20290373
5100	145.5	-0.2044648
5200	146	-0.20590378
5300	146.5	-0.20750587
5400	147	-0.21398716
5500	147.5	-0.20722924
5600	148	-0.20848341
5700	148.5	-0.20862013
5800	149	-0.20871633
5900	149.5	-0.20970926
6000	150	-0.2099014
5900	150.5	-0.21070904
5800	151	-0.2101392
5700	151.5	-0.20987846
5600	152	-0.2096409
5500	152.5	-0.20943363
5400	153	-0.20949368
5300	153.5	-0.20936453
5200	154	-0.20918338
5100	154.5	-0.20904274
5000	155	-0.2084524
4900	155.5	-0.2083213
4800	156	-0.20783961
4700	156.5	-0.20710327
4600	157	-0.20527707
4500	157.5	-0.20164688
4400	158	-0.19740511
4300	158.5	-0.19663069
4200	159	-0.19756675
4100	159.5	-0.19964807
4000	160	-0.2018151
3900	160.5	-0.2045207
3800	161	-0.20664866
3700	161.5	-0.20752954
3600	162	-0.20596336
3500	162.5	-0.20488839
3400	163	-0.2051147
3300	163.5	-0.20680444
3200	164	-0.20822902
3100	164.5	-0.20947953
3000	165	-0.21047856
2900	165.5	-0.2109019
2800	166	-0.21169782
2700	166.5	-0.21211457
2600	167	-0.21165559
2500	167.5	-0.2119112
2400	168	-0.2119156
2300	168.5	-0.21163923
2200	169	-0.21107672
2100	169.5	-0.21027519
2000	170	-0.20902078
1900	170.5	-0.20835622
1800	171	-0.20805542
1700	171.5	-0.20828371
1600	172	-0.20842311
1500	172.5	-0.20900759
1400	173	-0.20908791
1300	173.5	-0.20872511
1200	174	-0.20868434
1100	174.5	-0.2088921
1000	175	-0.20917214
900	175.5	-0.2088235
800	176	-0.2093809
700	176.5	-0.20904128
600	177	-0.2097603
500	177.5	-0.21031255
400	178	-0.21076299
300	178.5	-0.21108745
200	179	-0.2113277
100	179.5	-0.2112591
0	180	-0.2107171
100	180.5	-0.21117608
200	181	-0.21091656
300	181.5	-0.21084161
400	182	-0.21047929
500	182.5	-0.21015702
600	183	-0.210033
700	183.5	-0.20991068
800	184	-0.21010624
900	184.5	-0.21015824
1000	185	-0.21018046
1100	185.5	-0.21013993
1200	186	-0.2103438
1300	186.5	-0.2103643
1400	187	-0.21062016
1500	187.5	-0.21055937
1600	188	-0.2104622
1700	188.5	-0.21048808
1800	189	-0.21068437
1900	189.5	-0.21062896
2000	190	-0.20987602
2100	190.5	-0.20862868
2200	191	-0.20752539
2300	191.5	-0.20699535
2400	192	-0.20681347
2500	192.5	-0.20692529
2600	193	-0.20704515
2700	193.5	-0.20732982
2800	194	-0.20738989
2900	194.5	-0.20720775
3000	195	-0.20785059
3100	195.5	-0.20836842
3200	196	-0.20892946
3300	196.5	-0.20944802
3400	197	-0.2099119
3500	197.5	-0.21050785
3600	198	-0.21071294
3700	198.5	-0.21016215
3800	199	-0.20834425
3900	199.5	-0.2070918
4000	200	-0.20737939
4100	200.5	-0.20887282
4200	201	-0.20966654
4300	201.5	-0.20998612
4400	202	-0.20894632
4500	202.5	-0.20503634
4600	203	-0.2020319
4700	203.5	-0.20063075
4800	204	-0.20051087
4900	204.5	-0.20158097
5000	205	-0.20300163
5100	205.5	-0.20229289
5200	206	-0.20401166
5300	206.5	-0.20643455
5400	207	-0.20650633
5500	207.5	-0.20765747
5600	208	-0.20835549
5700	208.5	-0.20937234
5800	209	-0.20982695
5900	209.5	-0.21021074
6000	210	-0.21033867
5900	210.5	-0.21068315
5800	211	-0.21008183
5700	211.5	-0.20926687
5600	212	-0.20923294
5500	212.5	-0.20906888
5400	213	-0.20857668
5300	213.5	-0.208334
5200	214	-0.2083003
5100	214.5	-0.20814015
5000	215	-0.2078523
4900	215.5	-0.2073518
4800	216	-0.20662352
4700	216.5	-0.20569456
4600	217	-0.20343524
4500	217.5	-0.20022646
4400	218	-0.19643977
4300	218.5	-0.19531427
4200	219	-0.19643879
4100	219.5	-0.1986422
4000	220	-0.20126675
3900	220.5	-0.2038957
3800	221	-0.2060593
3700	221.5	-0.20719726
3600	222	-0.20676464
3500	222.5	-0.2044897
3400	223	-0.20666063
3300	223.5	-0.20686108
3200	224	-0.20831667
3100	224.5	-0.20917118
3000	225	-0.20961258
2900	225.5	-0.20936576
2800	226	-0.20942141
2700	226.5	-0.2094341
2600	227	-0.20977908
2500	227.5	-0.20983231
2400	228	-0.2093809
2300	228.5	-0.20982352
2200	229	-0.20899393
2100	229.5	-0.20821632
2000	230	-0.2071433
1900	230.5	-0.2058889
1800	231	-0.20570676
1700	231.5	-0.20624657
1600	232	-0.2065493
1500	232.5	-0.20660155
1400	233	-0.20669042
1300	233.5	-0.20696312
1200	234	-0.20721118
1100	234.5	-0.20817067
1000	235	-0.20871241
900	235.5	-0.20868996
800	236	-0.20856203
700	236.5	-0.20830299
600	237	-0.20743677
500	237.5	-0.20714086
400	238	-0.2083694
300	238.5	-0.20890212
200	239	-0.20934768
100	239.5	-0.20962283
0	240	-0.20958427
100	240.5	-0.20977274
200	241	-0.20933206
300	241.5	-0.20859987
400	242	-0.20882303
500	242.5	-0.2088406
600	243	-0.20905471
700	243.5	-0.20914553
800	244	-0.20861086
900	244.5	-0.20849392
1000	245	-0.20740943
1100	245.5	-0.20639133
1200	246	-0.20625243
1300	246.5	-0.20664036
1400	247	-0.2067656
1500	247.5	-0.20715941
1600	248	-0.20636375
1700	248.5	-0.20591307
1800	249	-0.20613109
1900	249.5	-0.20644872
2000	250	-0.20599924
2100	250.5	-0.20457052
2200	251	-0.20351093
2300	251.5	-0.20308098
2400	252	-0.20226578
2500	252.5	-0.2024069
2600	253	-0.20236833
2700	253.5	-0.20136783
2800	254	-0.20180069
2900	254.5	-0.2025512
3000	255	-0.20298626
3100	255.5	-0.2030241
3200	256	-0.20259514
3300	256.5	-0.20323505
3400	257	-0.20348774
3500	257.5	-0.20455855
3600	258	-0.20446114
3700	258.5	-0.20400141
3800	259	-0.20237882
3900	259.5	-0.20161784
4000	260	-0.20159684
4100	260.5	-0.20189567
4200	261	-0.2022321
4300	261.5	-0.20201139
4400	262	-0.20070253
4500	262.5	-0.19666708
4600	263	-0.1947005
4700	263.5	-0.19325003
4800	264	-0.19347854
4900	264.5	-0.19473271
5000	265	-0.19673152
5100	265.5	-0.19898522
5200	266	-0.2062346
5300	266.5	-0.15533783
5400	267	-0.2050666
5500	267.5	-0.20600072
5600	268	-0.20716771
5700	268.5	-0.20798829
5800	269	-0.20856325
5900	269.5	-0.20903444
6000	270	-0.20918216
5900	270.5	-0.20771192
5800	271	-0.20406465
5700	271.5	-0.20512569
5600	272	-0.20561203
5500	272.5	-0.20549826
5400	273	-0.20544675
5300	273.5	-0.2047087
5200	274	-0.20486398
5100	274.5	-0.20403047
5000	275	-0.20367499
4900	275.5	-0.20310637
4800	276	-0.20266154
4700	276.5	-0.20204654
4600	277	-0.20088077
4500	277.5	-0.1988363
4400	278	-0.19545856
4300	278.5	-0.19368167
4200	279	-0.19347611
4100	279.5	-0.19524322
4000	280	-0.19752231
3900	280.5	-0.20123672
3800	281	-0.2048459
3700	281.5	-0.20687425
3600	282	-0.2066992
3500	282.5	-0.20679565
3400	283	-0.20769873
3300	283.5	-0.20882204
3200	284	-0.20994657
3100	284.5	-0.21107477
3000	285	-0.21179377
2900	285.5	-0.21251887
2800	286	-0.21174566
2700	286.5	-0.21236238
2600	287	-0.21266316
2500	287.5	-0.21263875
2400	288	-0.21186994
2300	288.5	-0.21123418
2200	289	-0.21124469
2100	289.5	-0.21062675
2000	290	-0.20957914
1900	290.5	-0.20878908
1800	291	-0.20896633
1700	291.5	-0.20959257
1600	292	-0.20951054
1500	292.5	-0.20969705
1400	293	-0.20832911
1300	293.5	-0.20969608
1200	294	-0.20761035
1100	294.5	-0.20757568
1000	295	-0.20747338
900	295.5	-0.207927
800	296	-0.20732006
700	296.5	-0.20781861
600	297	-0.20855129
500	297.5	-0.20885427
400	298	-0.20949514
300	298.5	-0.20977469
200	299	-0.20985843
100	299.5	-0.21004911
0	300	-0.20983134
100	300.5	-0.21020536
200	301	-0.21011284
300	301.5	-0.20946488
400	302	-0.20924026
500	302.5	-0.20879446
600	303	-0.20491157
700	303.5	-0.20757568
800	304	-0.2080735
900	304.5	-0.20855787
1000	305	-0.2088528
1100	305.5	-0.20916434
1200	306	-0.20937625
1300	306.5	-0.2096287
1400	307	-0.20985258
1500	307.5	-0.2100291
1600	308	-0.21011113
1700	308.5	-0.21033622
1800	309	-0.21048442
1900	309.5	-0.21045439
2000	310	-0.20992948
2100	310.5	-0.20884499
2200	311	-0.20786402
2300	311.5	-0.20721363
2400	312	-0.20703588
2500	312.5	-0.20704687
2600	313	-0.20720336
2700	313.5	-0.20741455
2800	314	-0.20758545
2900	314.5	-0.20784351
3000	315	-0.20816846
3100	315.5	-0.20859939
3200	316	-0.20895584
3300	316.5	-0.20931497
3400	317	-0.20978934
3500	317.5	-0.21007158
3600	318	-0.20998515
3700	318.5	-0.20965628
3800	319	-0.20822829
3900	319.5	-0.20752954
4000	320	-0.20816359
4100	320.5	-0.20920095
4200	321	-0.20936282
4300	321.5	-0.20924416
4400	322	-0.2079104
4500	322.5	-0.20424946
4600	323	-0.20088662
4700	323.5	-0.19971742
4800	324	-0.20017323
4900	324.5	-0.20142032
5000	325	-0.2033012
5100	325.5	-0.20501631
5200	326	-0.19517486
5300	326.5	-0.20896609
5400	327	-0.20922928
5500	327.5	-0.20670629
5600	328	-0.20640647
5700	328.5	-0.20761254
5800	329	-0.20911527
5900	329.5	-0.2098948
6000	330	-0.21017484
5900	330.5	-0.2108482
5800	331	-0.19964002
5700	331.5	-0.19875133
5600	332	-0.19795078
5500	332.5	-0.19746152
5400	333	-0.1961639
5300	333.5	-0.19494024
5200	334	-0.19332327
5100	334.5	-0.19026536
5000	335	-0.18655193
4900	335.5	-0.18189903
4800	336	-0.17565723
4700	336.5	-0.16768299
4600	337	-0.15053356
4500	337.5	-0.12136074
4400	338	-0.101721525
4300	338.5	-0.09724856
4200	339	-0.10114144
4100	339.5	-0.10780512
4000	340	-0.114845015
3900	340.5	-0.11994983
3800	341	-0.123800725
3700	341.5	-0.12860963
3600	342	-0.13847551
3500	342.5	-0.15004258
3400	343	-0.16105984
3300	343.5	-0.17135125
3200	344	-0.18062826
3100	344.5	-0.19042552
3000	345	-0.20058218
2900	345.5	-0.21458288
2800	346	-0.23249452
2700	346.5	-0.2639276
2600	347	-0.3381031
2500	347.5	-0.4424721
2400	348	-0.48678187
2300	348.5	-0.4993243
2200	349	-0.50683516
2100	349.5	-0.50748676
2000	350	-0.50805634
1900	350.5	-0.50761056
1800	351	-0.508302
1700	351.5	-0.50792015
1600	352	-0.5058153
1500	352.5	-0.5121631
1400	353	-0.50425136
1300	353.5	-0.4863075
1200	354	-0.46738556
1100	354.5	-0.45080012
1000	355	-0.4350982
900	355.5	-0.42025667
800	356	-0.4078368
700	356.5	-0.38463455
600	357	-0.39001867
500	357.5	-0.3842588
400	358	-0.37891352
300	358.5	-0.37395322
200	359	-0.36940312
100	359.5	-0.36484176
0	360	-0.35979286
100	360.5	-0.35684773
200	361	-0.35460088
300	361.5	-0.35215235
400	362	-0.35002902
500	362.5	-0.34849507
600	363	-0.3470915
700	363.5	-0.3466193
800	364	-0.34650138
900	364.5	-0.34692693
1000	365	-0.34864718
1100	365.5	-0.35259718
1200	366	-0.36051357
1300	366.5	-0.37912348
1400	367	-0.4226471
1500	367.5	-0.4707772
1600	368	-0.48933366
1700	368.5	-0.4991053
1800	369	-0.5048449
1900	369.5	-0.5091299
2000	370	-0.5121736
2100	370.5	-0.5160587
2200	371	-0.5204027
2300	371.5	-0.52584374
2400	372	-0.5318819
2500	372.5	-0.53414685
2600	373	-0.5238798
2700	373.5	-0.5120198
2800	374	-0.49820685
2900	374.5	-0.48647594
3000	375	-0.4752309
3100	375.5	-0.4652288
3200	376	-0.45583192
3300	376.5	-0.4445998
3400	377	-0.4297927
3500	377.5	-0.4087648
3600	378	-0.3794526
3700	378.5	-0.3300429
3800	379	-0.26275036
3900	379.5	-0.22205198
4000	380	-0.20166007
4100	380.5	-0.19445024
4200	381	-0.18978025
4300	381.5	-0.18491493
4400	382	-0.18146396
4500	382.5	-0.1813077
4600	383	-0.18475722
4700	383.5	-0.18987326
4800	384	-0.19573835
4900	384.5	-0.20147964
5000	385	-0.20720825
5100	385.5	-0.21380894
5200	386	-0.21890154
5300	386.5	-0.22469655
5400	387	-0.2289764
5500	387.5	-0.23105115
5600	388	-0.23440568
5700	388.5	-0.23965919
5800	389	-0.24435115
5900	389.5	-0.24685729
6000	390	-0.25044328
5900	390.5	-0.2516596
5800	391	-0.24692224
5700	391.5	-0.24509408
5600	392	-0.2415972
5500	392.5	-0.23803245
5400	393	-0.23416276
5300	393.5	-0.2290621
5200	394	-0.22608306
5100	394.5	-0.22164401
5000	395	-0.21603969
4900	395.5	-0.21106598
4800	396	-0.20589988
4700	396.5	-0.1998224
4600	397	-0.19091332
4500	397.5	-0.18147959
4400	398	-0.17465355
4300	398.5	-0.1721081
4200	399	-0.17356907
4100	399.5	-0.17655396
4000	400	-0.1797962
3900	400.5	-0.18304455
3800	401	-0.18603337
3700	401.5	-0.19021946
3600	402	-0.1963465
3500	402.5	-0.20489962
3400	403	-0.2138751
3300	403.5	-0.2244275
3200	404	-0.23423478
3100	404.5	-0.24491659
3000	405	-0.26012507
2900	405.5	-0.28305754
2800	406	-0.32074636
2700	406.5	-0.37196833
2600	407	-0.4168743
2500	407.5	-0.44942605
2400	408	-0.4735739
2300	408.5	-0.4806067
2200	409	-0.48569274
2100	409.5	-0.48239458
2000	410	-0.47880444
1900	410.5	-0.47970533
1800	411	-0.47979763
1700	411.5	-0.48076323
1600	412	-0.4810645
1500	412.5	-0.47523066
1400	413	-0.4837662
1300	413.5	-0.46226293
1200	414	-0.44918337
1100	414.5	-0.4333211
1000	415	-0.41726786
900	415.5	-0.40265092
800	416	-0.39635053
700	416.5	-0.3876556
600	417	-0.38312426
500	417.5	-0.37758878
400	418	-0.372628
300	418.5	-0.36759716
200	419	-0.36149162
100	419.5	-0.3565909
0	420	-0.35101244
100	420.5	-0.34883565
200	421	-0.34621698
300	421.5	-0.34401307
400	422	-0.34118074
500	422.5	-0.33787283
600	423	-0.3347302
700	423.5	-0.33337742
800	424	-0.33323655
900	424.5	-0.33402756
1000	425	-0.3356067
1100	425.5	-0.33854106
1200	426	-0.34475258
1300	426.5	-0.35968813
1400	427	-0.39713377
1500	427.5	-0.4451887
1600	428	-0.46743757
1700	428.5	-0.4784907
1800	429	-0.48521006
1900	429.5	-0.48978263
2000	430	-0.493114
2100	430.5	-0.49558985
2200	431	-0.49987948
2300	431.5	-0.50349426
2400	432	-0.50816405
2500	432.5	-0.5084773
2600	433	-0.4990494
2700	433.5	-0.4873031
2800	434	-0.47606686
2900	434.5	-0.4655325
3000	435	-0.45620644
3100	435.5	-0.44778883
3200	436	-0.43833336
3300	436.5	-0.42995164
3400	437	-0.41956648
3500	437.5	-0.40550792
3600	438	-0.38614213
3700	438.5	-0.3539197
3800	439	-0.29880366
3900	439.5	-0.25546607
4000	440	-0.23369327
4100	440.5	-0.22305517
4200	441	-0.21598524
4300	441.5	-0.20804688
4400	442	-0.20298308
4500	442.5	-0.20012781
4600	443	-0.20249285
4700	443.5	-0.20753516
4800	444	-0.21318686
4900	444.5	-0.21904755
5000	445	-0.2253848
5100	445.5	-0.23128283
5200	446	-0.23698482
5300	446.5	-0.24253057
5400	447	-0.24896426
5500	447.5	-0.25151435
5600	448	-0.25388524
5700	448.5	-0.26065803
5800	449	-0.26371694
5900	449.5	-0.26607707
6000	450	-0.27101514
5900	450.5	-0.2721575
5800	451	-0.26988962
5700	451.5	-0.2684665
5600	452	-0.2670495
5500	452.5	-0.2641354
5400	453	-0.261827
5300	453.5	-0.25859478
5200	454	-0.2545964
5100	454.5	-0.25208247
5000	455	-0.24707727
4900	455.5	-0.24195097
4800	456	-0.23500629
4700	456.5	-0.2280384
4600	457	-0.21905658
4500	457.5	-0.20924759
4400	458	-0.19929796
4300	458.5	-0.19642903
4200	459	-0.19744858
4100	459.5	-0.200485
4000	460	-0.2037829
3900	460.5	-0.20704858
3800	461	-0.20974027
3700	461.5	-0.21256721
3600	462	-0.21787198
3500	462.5	-0.22442995
3400	463	-0.23172157
3300	463.5	-0.24079031
3200	464	-0.24849355
3100	464.5	-0.25668433
3000	465	-0.26660028
2900	465.5	-0.27948695
2800	466	-0.30239084
2700	466.5	-0.34247106
2600	467	-0.39310953
2500	467.5	-0.43794492
2400	468	-0.46657428
2300	468.5	-0.4792124
2200	469	-0.485953
2100	469.5	-0.4886215
2000	470	-0.49084663
1900	470.5	-0.49159735
1800	471	-0.49260738
1700	471.5	-0.49434593
1600	472	-0.49369138
1500	472.5	-0.49119258
1400	473	-0.48368636
1300	473.5	-0.46477053
1200	474	-0.44535276
1100	474.5	-0.43255544
1000	475	-0.41927546
900	475.5	-0.40651232
800	476	-0.3924965
700	476.5	-0.38697222
600	477	-0.37817815
500	477.5	-0.37322494
400	478	-0.36828566
300	478.5	-0.36336616
200	479	-0.3581649
100	479.5	-0.3533118
0	480	-0.3459057
100	480.5	-0.3427247
200	481	-0.340139
300	481.5	-0.33896467
400	482	-0.33681986
500	482.5	-0.33502343
600	483	-0.33384886
700	483.5	-0.33304733
800	484	-0.3327778
900	484.5	-0.33328414
1000	485	-0.33446604
1100	485.5	-0.3370064
1200	486	-0.3411373
1300	486.5	-0.35559455
1400	487	-0.39027476
1500	487.5	-0.4365841
1600	488	-0.45876166
1700	488.5	-0.47012976
1800	489	-0.47719237
1900	489.5	-0.47961035
2000	490	-0.48180914
2100	490.5	-0.4856146
2200	491	-0.48806167
2300	491.5	-0.48751795
2400	492	-0.49455005
2500	492.5	-0.49415576
2600	493	-0.4851722
2700	493.5	-0.47380608
2800	494	-0.46361354
2900	494.5	-0.45462316
3000	495	-0.4476001
3100	495.5	-0.44201848
3200	496	-0.43367192
3300	496.5	-0.42629045
3400	497	-0.41682717
3500	497.5	-0.40088725
3600	498	-0.3828706
3700	498.5	-0.3513208
3800	499	-0.3001823
3900	499.5	-0.26121542
4000	500	-0.24118875
4100	500.5	-0.23151062
4200	501	-0.22533938
4300	501.5	-0.21996357
4400	502	-0.21512389
4500	502.5	-0.21257332
4600	503	-0.21425109
4700	503.5	-0.21784513
4800	504	-0.22335498
4900	504.5	-0.22991197
5000	505	-0.23608246
5100	505.5	-0.24188237
5200	506	-0.24718884
5300	506.5	-0.25060222
5400	507	-0.25562572
5500	507.5	-0.2584871
5600	508	-0.26346448
5700	508.5	-0.26906565
5800	509	-0.2721438
5900	509.5	-0.27450982
6000	510	-0.27807507
5900	510.5	-0.277463
5800	511	-0.27634457
5700	511.5	-0.27561578
5600	512	-0.2732603
5500	512.5	-0.27171972
5400	513	-0.26847163
5300	513.5	-0.263672
5200	514	-0.261316
5100	514.5	-0.2565618
5000	515	-0.25027555
4900	515.5	-0.2456041
4800	516	-0.24146463
4700	516.5	-0.2353935
4600	517	-0.22735602
4500	517.5	-0.21776848
4400	518	-0.2095596
4300	518.5	-0.20600925
4200	519	-0.20595774
4100	519.5	-0.20770214
4000	520	-0.21094878
3900	520.5	-0.21311435
3800	521	-0.21567054
3700	521.5	-0.21785368
3600	522	-0.2241311
3500	522.5	-0.23100086
3400	523	-0.23854783
3300	523.5	-0.24709338
3200	524	-0.25596386
3100	524.5	-0.26498866
3000	525	-0.2785831
2900	525.5	-0.30940658
2800	526	-0.352167
2700	526.5	-0.39342594
2600	527	-0.42590398
2500	527.5	-0.45234823
2400	528	-0.47049427
2300	528.5	-0.47649556
2200	529	-0.48576623
2100	529.5	-0.48181817
2000	530	-0.48588562
1900	530.5	-0.48632994
1800	531	-0.4869945
1700	531.5	-0.48897013
1600	532	-0.486234
1500	532.5	-0.4831253
1400	533	-0.47536078
1300	533.5	-0.45960933
1200	534	-0.4448769
1100	534.5	-0.4322798
1000	535	-0.41585767
900	535.5	-0.4005193
800	536	-0.38992783
700	536.5	-0.38283983
600	537	-0.3770309
500	537.5	-0.37050834
400	538	-0.36485714
300	538.5	-0.35946375
200	539	-0.35363433
100	539.5	-0.34780294
0	540	-0.34262243
100	540.5	-0.34078452
200	541	-0.33867925
300	541.5	-0.3355149
400	542	-0.33377218
500	542.5	-0.3317426
600	543	-0.33209687
700	543.5	-0.33205318
800	544	-0.3321218
900	544.5	-0.33260837
1000	545	-0.33384374
1100	545.5	-0.33610865
1200	546	-0.34008235
1300	546.5	-0.34949777
1400	547	-0.3753219
1500	547.5	-0.43369022
1600	548	-0.45919916
1700	548.5	-0.47020274
1800	549	-0.4782202
1900	549.5	-0.4823438
2000	550	-0.4847142
2100	550.5	-0.48842862
2200	551	-0.4901696
2300	551.5	-0.49227366
2400	552	-0.49345383
2500	552.5	-0.4941643
2600	553	-0.48481968
2700	553.5	-0.478813
2800	554	-0.4669925
2900	554.5	-0.45874432
3000	555	-0.4516058
3100	555.5	-0.44481248
3200	556	-0.43771276
3300	556.5	-0.431062
3400	557	-0.42316908
3500	557.5	-0.4126567
3600	558	-0.39772362
3700	558.5	-0.3661926
3800	559	-0.31766966
3900	559.5	-0.27672103
4000	560	-0.25334007
4100	560.5	-0.24079031
4200	561	-0.23358268
4300	561.5	-0.22768268
4400	562	-0.22275366
4500	562.5	-0.22040766
4600	563	-0.22152561
4700	563.5	-0.22476955
4800	564	-0.22962704
4900	564.5	-0.23638813
5000	565	-0.24231768
5100	565.5	-0.247755
5200	566	-0.25347704
5300	566.5	-0.25943536
5400	567	-0.26393983
5500	567.5	-0.266987
5600	568	-0.26972434
5700	568.5	-0.27042088
5800	569	-0.27703476
5900	569.5	-0.2792384
6000	570	-0.28287274
5900	570.5	-0.284383
5800	571	-0.2822509
5700	571.5	-0.28038663
5600	572	-0.27707675
5500	572.5	-0.2766163
5400	573	-0.27486286
5300	573.5	-0.27186257
5200	574	-0.26809737
5100	574.5	-0.26487905
5000	575	-0.2595623
4900	575.5	-0.25212103
4800	576	-0.24498397
4700	576.5	-0.23783737
4600	577	-0.22929941
4500	577.5	-0.21911761
4400	578	-0.20758569
4300	578.5	-0.20698607
4200	579	-0.20786402
4100	579.5	-0.21025346
4000	580	-0.21190266
3900	580.5	-0.21377207
3800	581	-0.21736124
3700	581.5	-0.21989863
3600	582	-0.22457203
3500	582.5	-0.23081042
3400	583	-0.23713839
3300	583.5	-0.24292144
3200	584	-0.2523608
3100	584.5	-0.2599786
3000	585	-0.270103
2900	585.5	-0.29010162
2800	586	-0.3227718
2700	586.5	-0.3797707
2600	587	-0.416095
2500	587.5	-0.4448752
2400	588	-0.46308228
2300	588.5	-0.47293547
2200	589	-0.474758
2100	589.5	-0.47508344
2000	590	-0.47841993
1900	590.5	-0.4780415
1800	591	-0.47591743
1700	591.5	-0.47694236
1600	592	-0.47867602
1500	592.5	-0.47587568
1400	593	-0.46460158
1300	593.5	-0.44682884
1200	594	-0.43458232
1100	594.5	-0.42027816
1000	595	-0.40831313
900	595.5	-0.3973906
800	596	-0.38737017
700	596.5	-0.38197288
600	597	-0.3753778
500	597.5	-0.36772168
400	598	-0.361778
300	598.5	-0.35486946
200	599	-0.35091016
100	599.5	-0.3462907
0	600	-0.33953205
100	600.5	-0.33859137
200	601	-0.3360237
300	601.5	-0.33362645
400	602	-0.3325444
500	602.5	-0.33184224
600	603	-0.33149165
700	603.5	-0.32985294
800	604	-0.32979923
900	604.5	-0.32834145
1000	605	-0.3291171
1100	605.5	-0.33170843
1200	606	-0.33637527
1300	606.5	-0.3448051
1400	607	-0.3735499
1500	607.5	-0.42315346
1600	608	-0.45111775
1700	608.5	-0.4614912
1800	609	-0.46958652
1900	609.5	-0.47557586
2000	610	-0.48067215
2100	610.5	-0.4782246
2200	611	-0.48721546
2300	611.5	-0.48866397
2400	612	-0.49074188
2500	612.5	-0.48804578
2600	613	-0.47911865
2700	613.5	-0.4740026
2800	614	-0.46524516
2900	614.5	-0.4582685
3000	615	-0.44964188
3100	615.5	-0.44303924
3200	616	-0.43639192
3300	616.5	-0.43128762
3400	617	-0.42176965
3500	617.5	-0.4069159
3600	618	-0.3904669
3700	618.5	-0.36053017
3800	619	-0.3158073
3900	619.5	-0.2768824
4000	620	-0.25236177
4100	620.5	-0.24178715
4200	621	-0.23565179
4300	621.5	-0.23039708
4400	622	-0.22612748
4500	622.5	-0.22326832
4600	623	-0.22439748
4700	623.5	-0.22685137
4800	624	-0.23017026
4900	624.5	-0.23557343
5000	625	-0.2409827
5100	625.5	-0.24810243
5200	626	-0.2534526
5300	626.5	-0.2587249
5400	627	-0.2611578
5500	627.5	-0.2647865
5600	628	-0.26666498
5700	628.5	-0.27239504
5800	629	-0.27380764
5900	629.5	-0.2766014
6000	630	-0.28111562
5900	630.5	-0.28222284
5800	631	-0.27978945
5700	631.5	-0.27838486
5600	632	-0.2773829
5500	632.5	-0.27553058
5400	633	-0.27231446
5300	633.5	-0.26989377
5200	634	-0.26675263
5100	634.5	-0.26234338
5000	635	-0.25624123
4900	635.5	-0.24995817
4800	636	-0.23744065
4700	636.5	-0.2309613
4600	637	-0.22150607
4500	637.5	-0.21823917
4400	638	-0.2103057
4300	638.5	-0.2118863
4200	639	-0.2126495
4100	639.5	-0.21362485
4000	640	-0.21618202
3900	640.5	-0.21715273
3800	641	-0.22033858
3700	641.5	-0.223698
3600	642	-0.22805086
3500	642.5	-0.2328622
3400	643	-0.23943506
3300	643.5	-0.24628575
3200	644	-0.2509997
3100	644.5	-0.25964412
3000	645	-0.26739204
2900	645.5	-0.2809269
2800	646	-0.30583036
2700	646.5	-0.3495842
2600	647	-0.39155212
2500	647.5	-0.426987
2400	648	-0.44958255
2300	648.5	-0.45372057
2200	649	-0.4587619
2100	649.5	-0.45929122
2000	650	-0.46240526
1900	650.5	-0.45481554
1800	651	-0.46087497
1700	651.5	-0.46378028
1600	652	-0.46142894
1500	652.5	-0.45681852
1400	653	-0.44596606
1300	653.5	-0.42623138
1200	654	-0.41296604
1100	654.5	-0.3940219
1000	655	-0.39033946
900	655.5	-0.3754623
800	656	-0.3825664
700	656.5	-0.37646255
600	657	-0.36883694
500	657.5	-0.3639101
400	658	-0.35469586
300	658.5	-0.34852022
200	659	-0.34397498
100	659.5	-0.33840263
0	660	-0.33694804
100	660.5	-0.33464062
200	661	-0.32903823
300	661.5	-0.32653162
400	662	-0.3266571
500	662.5	-0.32556307
600	663	-0.32497886
700	663.5	-0.32474765
800	664	-0.3244847
900	664.5	-0.32420564
1000	665	-0.32482967
1100	665.5	-0.32654014
1200	666	-0.329049
1300	666.5	-0.33307198
1400	667	-0.34207946
1500	667.5	-0.36199456
1600	668	-0.39516816
1700	668.5	-0.41762823
1800	669	-0.42851412
1900	669.5	-0.43722984
2000	670	-0.4411093
2100	670.5	-0.44455612
2200	671	-0.44714722
2300	671.5	-0.44893754
2400	672	-0.44868046
2500	672.5	-0.44804493
2600	673	-0.44376802
2700	673.5	-0.44024843
2800	674	-0.4365096
2900	674.5	-0.43116945
3000	675	-0.42576578
3100	675.5	-0.41981965
3200	676	-0.4133325
3300	676.5	-0.40611094
3400	677	-0.39434856
3500	677.5	-0.37813568
3600	678	-0.35661238
3700	678.5	-0.32852823
3800	679	-0.30137765
3900	679.5	-0.28275114
4000	680	-0.27192065
4100	680.5	-0.26531193
4200	681	-0.26091245
4300	681.5	-0.258357
4400	682	-0.25705373
4500	682.5	-0.25802177
4600	683	-0.25887287
4700	683.5	-0.26090756
4800	684	-0.2635702
4900	684.5	-0.2675434
5000	685	-0.271385
5100	685.5	-0.2752869
5200	686	-0.27723616
5300	686.5	-0.28036538
5400	687	-0.28378096
5500	687.5	-0.28580734
5600	688	-0.286364
5700	688.5	-0.28250334
5800	689	-0.2877659
5900	689.5	-0.28987625
6000	690	-0.2923846
5900	690.5	-0.29296786
5800	691	-0.29268125
5700	691.5	-0.28491843
5600	692	-0.2910706
5500	692.5	-0.2891348
5400	693	-0.28576487
5300	693.5	-0.2869741
5200	694	-0.2843547
5100	694.5	-0.2859746
5000	695	-0.28400996
4900	695.5	-0.28074405
4800	696	-0.27871373
4700	696.5	-0.2752984
4600	697	-0.27210572
4500	697.5	-0.26699138
4400	698	-0.26375428
4300	698.5	-0.26022443
4200	699	-0.25869367
4100	699.5	-0.257085
4000	700	-0.25529468
3900	700.5	-0.2550796
3800	701	-0.25535107
3700	701.5	-0.25654322
3600	702	-0.25582618
3500	702.5	-0.2600726
3400	703	-0.26313758
3300	703.5	-0.2683156
3200	704	-0.27304885
3100	704.5	-0.2801813
3000	705	-0.284739
2900	705.5	-0.29091558
2800	706	-0.29762444
2700	706.5	-0.30610186
2600	707	-0.31464347
2500	707.5	-0.3254752
2400	708	-0.34268883
2300	708.5	-0.36726612
2200	709	-0.38565996
2100	709.5	-0.3989934
2000	710	-0.4108991
1900	710.5	-0.4161653
1800	711	-0.420202
1700	711.5	-0.4218883
1600	712	-0.41992366
1500	712.5	-0.41388693
1400	713	-0.40535995
1300	713.5	-0.39285585
1200	714	-0.37991717
1100	714.5	-0.3705213
1000	715	-0.3618881
900	715.5	-0.33366013
800	716	-0.33880255
700	716.5	-0.33152607
600	717	-0.33251607
500	717.5	-0.3277975
400	718	-0.32866666
300	718.5	-0.32720643
200	719	-0.32227594
100	719.5	-0.32272246
0	720	-0.32210258
100	720.5	-0.31965968
200	721	-0.3181699
300	721.5	-0.31762156
400	722	-0.31812644
500	722.5	-0.3178093
600	723	-0.31725144
700	723.5	-0.3169736
800	724	-0.31667134
900	724.5	-0.31601095
1000	725	-0.3157995
1100	725.5	-0.31538153
1200	726	-0.31482244
1300	726.5	-0.31453094
1400	727	-0.31533343
1500	727.5	-0.3229046
1600	728	-0.33744192
1700	728.5	-0.3550157
1800	729	-0.37248862
1900	729.5	-0.38541728
2000	730	-0.394288
2100	730.5	-0.4008755
2200	731	-0.40513194
2300	731.5	-0.40892497
2400	732	-0.41052753
2500	732.5	-0.40937394
2600	733	-0.40561143
2700	733.5	-0.40075517
2800	734	-0.39405853
2900	734.5	-0.3888685
3000	735	-0.38431448
3100	735.5	-0.37952068
3200	736	-0.37436387
3300	736.5	-0.36873978
3400	737	-0.3629975
3500	737.5	-0.3568072
3600	738	-0.34909177
3700	738.5	-0.34177232
3800	739	-0.3316567
3900	739.5	-0.32047293
4000	740	-0.31137562
4100	740.5	-0.3036824
4200	741	-0.2969137
4300	741.5	-0.29340708
4400	742	-0.2894998
4500	742.5	-0.2882239
4600	743	-0.28474435
4700	743.5	-0.28596532
4800	744	-0.286396
4900	744.5	-0.28682813
5000	745	-0.29015726
5100	745.5	-0.29213485
5200	746	-0.2944696
5300	746.5	-0.29309237
5400	747	-0.29665738
5500	747.5	-0.29110724
5600	748	-0.29631898
5700	748.5	-0.29640785
5800	749	-0.28780276
5900	749.5	-0.2955858
6000	750	-0.29472935
5900	750.5	-0.2950006
5800	751	-0.2925555
5700	751.5	-0.2893521
5600	752	-0.26050717
5500	752.5	-0.26168272
5400	753	-0.26216662
5300	753.5	-0.27844518
5200	754	-0.27996156
5100	754.5	-0.28356636
5000	755	-0.2845361
4900	755.5	-0.28066006
4800	756	-0.28040957
4700	756.5	-0.2812089
4600	757	-0.28136516
4500	757.5	-0.27937514
4400	758	-0.27677694
4300	758.5	-0.2749737
4200	759	-0.27325588
4100	759.5	-0.27178222
4000	760	-0.27328518
3900	760.5	-0.27357352
3800	761	-0.27315775
3700	761.5	-0.27374345
3600	762	-0.27469805
3500	762.5	-0.27566463
3400	763	-0.27720663
3300	763.5	-0.27916053
3200	764	-0.2816188
3100	764.5	-0.28465718
3000	765	-0.28734034
2900	765.5	-0.2902603
2800	766	-0.2944325
2700	766.5	-0.2983256
2600	767	-0.3022175
2500	767.5	-0.30809432
2400	768	-0.31863427
2300	768.5	-0.33209175
2200	769	-0.34708345
2100	769.5	-0.3600653
2000	770	-0.36843997
1900	770.5	-0.373577
1800	771	-0.3770497
1700	771.5	-0.37848088
1600	772	-0.37788907
1500	772.5	-0.3722618
1400	773	-0.37106013
1300	773.5	-0.3611127
1200	774	-0.35360575
1100	774.5	-0.34686616
1000	775	-0.34003744
900	775.5	-0.32501522
800	776	-0.3193904
700	776.5	-0.28838184
600	777	-0.31338468
500	777.5	-0.31349358
400	778	-0.31410784
300	778.5	-0.31120887
200	779	-0.30918467
100	779.5	-0.31087902
0	780	-0.30980307
100	780.5	-0.30410963
200	781	-0.30786017
300	781.5	-0.3071971
400	782	-0.3055667
500	782.5	-0.30641264
600	783	-0.30664873
700	783.5	-0.30676225
800	784	-0.3063521
900	784.5	-0.3063648
1000	785	-0.30615312
1100	785.5	-0.30607304
1200	786	-0.3061912
1300	786.5	-0.30638507
1400	787	-0.30723736
1500	787.5	-0.3109679
1600	788	-0.3207583
1700	788.5	-0.3280668
1800	789	-0.3404842
1900	789.5	-0.3496362
2000	790	-0.34839594
2100	790.5	-0.3534539
2200	791	-0.36225188
2300	791.5	-0.36811355
2400	792	-0.37163287
2500	792.5	-0.37107524
2600	793	-0.36898807
2700	793.5	-0.35836974
2800	794	-0.357213
2900	794.5	-0.35671005
3000	795	-0.3456425
3100	795.5	-0.34023273
3200	796	-0.33599
3300	796.5	-0.33035
3400	797	-0.32491195
3500	797.5	-0.32106864
3600	798	-0.31678757
3700	798.5	-0.31719235
3800	799	-0.31464225
3900	799.5	-0.30831355
4000	800	-0.30068088
4100	800.5	-0.29773626
4200	801	-0.29825115
4300	801.5	-0.29651088
4400	802	-0.29451916
4500	802.5	-0.29233968
4600	803	-0.2906817
4700	803.5	-0.28960234
4800	804	-0.2894119
4900	804.5	-0.2904842
5000	805	-0.29162142
5100	805.5	-0.29263413
5200	806	-0.29285556
5300	806.5	-0.29377133
5400	807	-0.29026347
5500	807.5	-0.2929769
5600	808	-0.29221076
5700	808.5	-0.28631347
5800	809	-0.28573802
5900	809.5	-0.29096124
6000	810	-0.2907574
5900	810.5	-0.2911341
5800	811	-0.27876794
5700	811.5	-0.28369135
5600	812	-0.26782784
5500	812.5	-0.27238673
5400	813	-0.26195028
5300	813.5	-0.26273718
5200	814	-0.27216944
5100	814.5	-0.27832678
5000	815	-0.2775394
4900	815.5	-0.27614608
4800	816	-0.27897203
4700	816.5	-0.27828306
4600	817	-0.2787926
4500	817.5	-0.26372132
4400	818	-0.26598087
4300	818.5	-0.26414663
4200	819	-0.2666774
4100	819.5	-0.2645441
4000	820	-0.2608929
3900	820.5	-0.22762898
3800	821	-0.2529819
3700	821.5	-0.2479557
3600	822	-0.2494335
3500	822.5	-0.25418872
3400	823	-0.25960797
3300	823.5	-0.2608309
3200	824	-0.26317883
3100	824.5	-0.2560967
3000	825	-0.24784705
2900	825.5	-0.24989836
2800	826	-0.254145
2700	826.5	-0.25582397
2600	827	-0.2541882
2500	827.5	-0.2684311
2400	828	-0.27104712
2300	828.5	-0.27946547
2200	829	-0.28704637
2100	829.5	-0.29169416
2000	830	-0.29491612
1900	830.5	-0.2896155
1800	831	-0.29374716
1700	831.5	-0.29353893
1600	832	-0.2907603
1500	832.5	-0.2840041
1400	833	-0.28398067
1300	833.5	-0.2847839
1200	834	-0.2732305
1100	834.5	-0.24963297
1000	835	-0.27082178
900	835.5	-0.27427274
800	836	-0.27664486
700	836.5	-0.24905972
600	837	-0.27467608
500	837.5	-0.276222
400	838	-0.281048
300	838.5	-0.28284442
200	839	-0.28030774
100	839.5	-0.2833571
0	840	-0.2831601
100	840.5	-0.28367475
200	841	-0.28248453
300	841.5	-0.28411886
400	842	-0.2849897
500	842.5	-0.28570065
600	843	-0.28619894
700	843.5	-0.28660423
800	844	-0.28691772
900	844.5	-0.287282
1000	845	-0.2876797
1100	845.5	-0.28806618
1200	846	-0.2884519
1300	846.5	-0.2887969
1400	847	-0.2898494
1500	847.5	-0.29316416
1600	848	-0.29848504
1700	848.5	-0.30441457
1800	849	-0.31103528
1900	849.5	-0.31786254
2000	850	-0.3240301
2100	850.5	-0.330696
2200	851	-0.33624807
2300	851.5	-0.34170175
2400	852	-0.34650287
2500	852.5	-0.35030565
2600	853	-0.35187477
2700	853.5	-0.35139745
2800	854	-0.349614
2900	854.5	-0.3470915
3000	855	-0.3441603
3100	855.5	-0.34095785
3200	856	-0.3368843
3300	856.5	-0.33361715
3400	857	-0.33018106
3500	857.5	-0.3270028
3600	858	-0.32357478
3700	858.5	-0.3199263
3800	859	-0.31478485
3900	859.5	-0.3089974
4000	860	-0.30399293
4100	860.5	-0.300509
4200	861	-0.29780656
4300	861.5	-0.2950316
4400	862	-0.29315293
4500	862.5	-0.29075763
4600	863	-0.289022
4700	863.5	-0.2875779
4800	864	-0.2869204
4900	864.5	-0.28726026
5000	865	-0.28683716
5100	865.5	-0.28898343
5200	866	-0.29029667
5300	866.5	-0.2909068
5400	867	-0.29071465
5500	867.5	-0.2918802
5600	868	-0.28731468
5700	868.5	-0.29076567
5800	869	-0.28949296
5900	869.5	-0.28651267
6000	870	-0.28460714
5900	870.5	-0.2871875
5800	871	-0.28631786
5700	871.5	-0.28700903
5600	872	-0.2875471
5500	872.5	-0.28691941
5400	873	-0.28593114
5300	873.5	-0.28594553
5200	874	-0.2858845
5100	874.5	-0.28353438
5000	875	-0.274439
4900	875.5	-0.27777377
4800	876	-0.27971742
4700	876.5	-0.2790355
4600	877	-0.2797411
4500	877.5	-0.27819955
4400	878	-0.27614558
4300	878.5	-0.2685969
4200	879	-0.26686224
4100	879.5	-0.26659733
4000	880	-0.26742083
3900	880.5	-0.26450917
3800	881	-0.25994784
3700	881.5	-0.25856328
3600	882	-0.26048982
3500	882.5	-0.25886407
3400	883	-0.2607901
3300	883.5	-0.263484
3200	884	-0.26275402
3100	884.5	-0.26397914
3000	885	-0.26818037
2900	885.5	-0.26896992
2800	886	-0.2649098
2700	886.5	-0.2685146
2600	887	-0.2681887
2500	887.5	-0.26947555
2400	888	-0.27065894
2300	888.5	-0.27867174
2200	889	-0.28086588
2100	889.5	-0.28488082
2000	890	-0.28633642
1900	890.5	-0.2899329
1800	891	-0.28766456
1700	891.5	-0.2874944
1600	892	-0.29046172
1500	892.5	-0.29113066
1400	893	-0.29113263
1300	893.5	-0.2925716
1200	894	-0.2842629
1100	894.5	-0.25853252
1000	895	-0.25225434
900	895.5	-0.26834077
800	896	-0.27444828
700	896.5	-0.27875865
600	897	-0.28017104
500	897.5	-0.2812665
400	898	-0.2808639
300	898.5	-0.2822763
200	899	-0.28269133
100	899.5	-0.27628303
0	900	-0.28051895
100	900.5	-0.28182927
200	901	-0.28280488
300	901.5	-0.2833637
400	902	-0.28367916
500	902.5	-0.2835688
600	903	-0.28362203
700	903.5	-0.28404608
800	904	-0.28399995
900	904.5	-0.28401852
1000	905	-0.2843188
1100	905.5	-0.284456
1200	906	-0.2845036
1300	906.5	-0.2848232
1400	907	-0.28559738
1500	907.5	-0.28824952
1600	908	-0.29189312
1700	908.5	-0.2943165
1800	909	-0.29823333
1900	909.5	-0.3030222
2000	910	-0.30674297
2100	910.5	-0.3102423
2200	911	-0.3136945
2300	911.5	-0.31700096
2400	912	-0.3207996
2500	912.5	-0.32491806
2600	913	-0.32612145
2700	913.5	-0.3248419
2800	914	-0.32435995
2900	914.5	-0.32266876
3000	915	-0.32030055
3100	915.5	-0.3182524
3200	916	-0.31627023
3300	916.5	-0.31386662
3400	917	-0.3121947
3500	917.5	-0.3099796
3600	918	-0.30780622
3700	918.5	-0.30555815
3800	919	-0.3017722
3900	919.5	-0.29811615
4000	920	-0.29490978
4100	920.5	-0.29221785
4200	921	-0.2896773
4300	921.5	-0.2868518
4400	922	-0.28438935
4500	922.5	-0.28139883
4600	923	-0.27919322
4700	923.5	-0.27822593
4800	924	-0.2778143
4900	924.5	-0.2786283
5000	925	-0.27927306
5100	925.5	-0.2801471
5200	926	-0.28178555
5300	926.5	-0.27990785
5400	927	-0.28296354
5500	927.5	-0.2825734
5600	928	-0.28306562
5700	928.5	-0.2836115
5800	929	-0.28463155
5900	929.5	-0.2836645
6000	930	-0.2839106
5900	930.5	-0.28416744
5800	931	-0.2828515
5700	931.5	-0.2827421
5600	932	-0.28270575
5500	932.5	-0.28310686
5400	933	-0.2826098
5300	933.5	-0.28125063
5200	934	-0.2805685
5100	934.5	-0.27895495
5000	935	-0.27867442
4900	935.5	-0.27819565
4800	936	-0.27783334
4700	936.5	-0.27678427
4600	937	-0.27520856
4500	937.5	-0.27391776
4400	938	-0.27105662
4300	938.5	-0.26822773
4200	939	-0.26764056
4100	939.5	-0.26607388
4000	940	-0.26543108
3900	940.5	-0.26622844
3800	941	-0.26685444
3700	941.5	-0.26597965
3600	942	-0.26369178
3500	942.5	-0.26483268
3400	943	-0.26466176
3300	943.5	-0.2638478
3200	944	-0.2671093
3100	944.5	-0.26865768
3000	945	-0.27032176
2900	945.5	-0.27159497
2800	946	-0.2723975
2700	946.5	-0.2695278
2600	947	-0.27313626
2500	947.5	-0.27647224
2400	948	-0.27910557
2300	948.5	-0.2817023
2200	949	-0.2843132
2100	949.5	-0.28830665
2000	950	-0.29078594
1900	950.5	-0.29384655
1800	951	-0.29487878
1700	951.5	-0.29788223
1600	952	-0.30022505
1500	952.5	-0.30145016
1400	953	-0.30179638
1300	953.5	-0.30037153
1200	954	-0.29748747
1100	954.5	-0.2937821
1000	955	-0.28510398
900	955.5	-0.28724462
800	956	-0.28843606
700	956.5	-0.2893079
600	957	-0.288959
500	957.5	-0.28787258
400	958	-0.28779006
300	958.5	-0.28747877
200	959	-0.28530514
100	959.5	-0.28466842
