0 0 -0.014493874
1 0 -0.014496071
2 0 -0.014638652
3 0 -0.014714581
4 0 -0.014910384
5 0 -0.0150807975
6 0 -0.015193592
7 0 -0.015404045
8 0 -0.015619135
9 0 -0.015853269
10 0 -0.016015626
11 0 -0.016234623
12 0 -0.015758298
13 0 -0.015335928
14 0 -0.015509759
15 0 -0.014847395
16 0 -0.014442848
17 0 -0.013958465
18 0 -0.013583948
19 0 -0.0133434655
20 0 -0.013060991
20 1 -0.012914993
19 1 -0.012926223
18 1 -0.0129398955
17 1 -0.013044145
16 1 -0.013313192
15 1 -0.013517541
14 1 -0.01375314
13 1 -0.013968719
12 1 -0.014117892
11 1 -0.014073214
10 1 -0.013910613
9 1 -0.013761441
8 1 -0.01344796
7 1 -0.013112505
6 1 -0.012844191
5 1 -0.012679393
4 1 -0.012530465
3 1 -0.01242353
2 1 -0.01232221
1 1 -0.012291203
0 1 -0.0123414975
0 2 -0.01231806
1 2 -0.012212345
2 2 -0.0120714735
3 2 -0.012034364
4 2 -0.012002137
5 2 -0.012037293
6 2 -0.011888854
7 2 -0.011946716
8 2 -0.012169376
9 2 -0.012313909
10 2 -0.012292912
11 2 -0.012083436
12 2 -0.011644221
13 2 -0.0112040285
14 2 -0.010777509
15 2 -0.010329748
16 2 -0.009868559
17 2 -0.009434715
18 2 -0.009189594
19 2 -0.009044816
20 2 -0.008887587
20 3 -0.008867079
19 3 -0.0088954
18 3 -0.009031388
17 3 -0.009181537
16 3 -0.009357321
15 3 -0.009676173
14 3 -0.009984528
13 3 -0.010416175
12 3 -0.0108011905
11 3 -0.011076585
10 3 -0.010854414
9 3 -0.010147128
8 3 -0.00929482
7 3 -0.008532601
6 3 -0.007955444
5 3 -0.0075740903
4 3 -0.0072047003
3 3 -0.0069722747
2 3 -0.0068228585
1 3 -0.006764264
0 3 -0.0067708557
0 4 -0.006732769
1 4 -0.006609232
2 4 -0.0065203635
3 4 -0.0064847185
4 4 -0.006577493
5 4 -0.0066248574
6 4 -0.006825544
7 4 -0.007041123
8 4 -0.00739025
9 4 -0.0077037313
10 4 -0.008093386
11 4 -0.008452278
12 4 -0.008031861
13 4 -0.0070059667
14 4 -0.0061485316
15 4 -0.005538903
16 4 -0.0050157015
17 4 -0.0046326392
18 4 -0.0044470895
19 4 -0.0044202334
20 4 -0.004494942
20 5 -0.0044778516
19 5 -0.004583322
18 5 -0.0048091556
17 5 -0.0050120396
16 5 -0.00529305
15 5 -0.0057657133
14 5 -0.006374609
13 5 -0.006898543
12 5 -0.007348257
11 5 -0.007480583
10 5 -0.0071238885
9 5 -0.006338964
8 5 -0.0053694667
7 5 -0.004370672
6 5 -0.0034797895
5 5 -0.002837934
4 5 -0.002369421
3 5 -0.0021462732
2 5 -0.0020422675
1 5 -0.0020845046
0 5 -0.0022099947
0 6 -0.0022346533
1 6 -0.0022522318
2 6 -0.0021723965
3 6 -0.0021860686
4 6 -0.0021894865
5 6 -0.002254673
6 6 -0.002445594
7 6 -0.0028638134
8 6 -0.0032642102
9 6 -0.0035742733
10 6 -0.0037720304
11 6 -0.0038738386
12 6 -0.0035891663
13 6 -0.0033428245
14 6 -0.0030784162
15 6 -0.002586221
16 6 -0.0020671703
17 6 -0.0017512474
18 6 -0.0016626231
19 6 -0.0017104754
20 6 -0.0017671168
20 7 -0.0017641871
19 7 -0.0019182422
18 7 -0.0021440757
17 7 -0.002355749
16 7 -0.0026509194
15 7 -0.0030444802
14 7 -0.0035884338
13 7 -0.0036794997
12 7 -0.0034172887
11 7 -0.0032651867
10 7 -0.0033062028
9 7 -0.0031470207
8 7 -0.0026272375
7 7 -0.001963165
6 7 -0.0013908905
5 7 -5.300374E-4
4 7 2.0263982E-5
3 7 1.2256046E-4
2 7 1.3086137E-4
1 7 -1.19630735E-4
0 7 -2.7808044E-4
0 8 -3.7720305E-4
1 8 -4.6655987E-4
2 8 -3.6035708E-4
3 8 -2.8906693E-4
4 8 -1.6821547E-4
5 8 -4.138247E-4
6 8 9.712063E-4
7 8 -3.5474176E-4
8 8 -9.438621E-4
9 8 -0.0014441139
10 8 -0.0016850844
11 8 -0.0015969482
12 8 -0.0014592508
13 8 -0.0014170138
14 8 -0.0012458686
15 8 -8.7550166E-4
16 8 -7.5245294E-4
17 8 -6.867781E-4
18 8 -6.926375E-4
19 8 -8.4229803E-4
20 8 -0.0011816587
20 9 -0.0013696499
19 9 -0.0015522698
18 9 -0.0013720914
17 9 -0.0016125735
16 9 -0.0017881133
15 9 -0.001958526
14 9 -0.002212192
13 9 -0.0023149769
12 9 -0.0023752805
11 9 -0.002702678
10 9 -0.002426795
9 9 -0.0018655071
8 9 -0.0014687724
7 9 -6.176852E-4
6 9 0.0013244832
5 9 -1.948272E-4
4 9 0.0015476311
3 9 0.0023547723
2 9 0.0010710614
1 9 0.0012080263
0 9 4.8413826E-4
0 10 1.4233617E-4
1 10 -1.3672085E-5
2 10 5.5664914E-5
3 10 2.2607768E-4
4 10 0.0011589533
5 10 0.0017646755
6 10 0.0017676052
7 10 0.0016931412
8 10 0.0018108187
9 10 3.896544E-4
10 10 -1.8872358E-4
11 10 -2.1826506E-4
12 10 -5.695888E-4
13 10 3.588922E-4
14 10 3.8379495E-4
15 10 6.535745E-4
16 10 4.9048604E-4
17 10 3.8110933E-4
18 10 1.1596857E-4
19 10 -2.6099032E-4
20 10 -6.6627E-4
20 11 -9.5631345E-4
19 11 -0.0011494317
18 11 -0.0012458686
17 11 -0.0013120318
16 11 -0.00153225
15 11 -0.001630396
14 11 -0.0017226826
13 11 -0.0014966049
12 11 -0.001518822
11 11 -0.0014958725
10 11 -0.001119646
9 11 -3.2544445E-4
8 11 7.9444575E-4
7 11 0.0018576945
6 11 0.0022109714
5 11 0.0022734723
4 11 0.0019355764
3 11 0.0015031968
2 11 0.0010854658
1 11 6.921493E-4
0 11 7.202259E-5
0 12 -4.011292E-4
1 12 -5.7471584E-4
2 12 -6.6187535E-4
3 12 -7.0362404E-4
4 12 -5.4956897E-4
5 12 -2.0605784E-4
6 12 7.439079E-4
7 12 0.0016262456
8 12 0.0017378195
9 12 0.0015080797
10 12 0.0010717937
11 12 7.1949343E-4
12 12 7.86389E-4
13 12 5.983978E-4
14 12 2.6514078E-4
15 12 -1.6845961E-5
16 12 -3.3057146E-4
17 12 -6.9727626E-4
18 12 -0.0011694515
19 12 -0.0015556879
20 12 -0.0018930953
20 13 -0.0022048678
19 13 -0.0024736708
18 13 -0.0026409095
17 13 -0.0027200123
16 13 -0.0028999466
15 13 -0.003015183
14 13 -0.0030962387
13 13 -0.0029216756
12 13 -0.0024563365
11 13 -0.0018882125
10 13 -0.001464622
9 13 -6.9727626E-4
8 13 -2.7100024E-5
7 13 3.252003E-4
6 13 -1.5869384E-5
5 13 -6.059663E-4
4 13 -0.0013359579
3 13 -0.001765652
2 13 -0.0020705883
1 13 -0.0025488671
0 13 -0.0030723126
0 14 -0.0035525446
1 14 -0.003854307
2 14 -0.0040156865
3 14 -0.004182193
4 14 -0.0042661787
5 14 -0.0042603193
6 14 -0.004090395
7 14 -0.003679988
8 14 -0.0033511254
9 14 -0.0032664074
10 14 -0.0032112307
11 14 -0.0031736325
12 14 -0.003443168
13 14 -0.003861143
14 14 -0.004290105
15 14 -0.004681468
16 14 -0.0049781036
17 14 -0.005413657
18 14 -0.0059331963
19 14 -0.006321386
20 14 -0.006668315
20 15 -0.006891463
19 15 -0.007162463
18 15 -0.007299184
17 15 -0.007314809
16 15 -0.007482292
15 15 -0.007680293
14 15 -0.0077454797
13 15 -0.007782834
12 15 -0.007844359
11 15 -0.0078038303
10 15 -0.007772824
9 15 -0.007888793
8 15 -0.008081422
7 15 -0.008217411
6 15 -0.008360235
5 15 -0.008536507
4 15 -0.008766736
3 15 -0.009086809
2 15 -0.009023087
1 15 -0.009333883
0 15 -0.009614893
0 16 -0.009785062
1 16 -0.009912505
2 16 -0.009942046
3 16 -0.010085603
4 16 -0.010014801
5 16 -0.010110018
6 16 -0.010117098
7 16 -0.010135653
8 16 -0.010271641
9 16 -0.010345129
10 16 -0.010384436
11 16 -0.01054728
12 16 -0.01065446
13 16 -0.010964279
14 16 -0.011019944
15 16 -0.011113696
16 16 -0.011198414
17 16 -0.011383231
18 16 -0.011507012
19 16 -0.0116027165
20 16 -0.011642268
20 17 -0.01170306
19 17 -0.011721127
18 17 -0.011744076
17 17 -0.011702572
16 17 -0.0151486695
15 17 -0.011679378
14 17 -0.011923523
13 17 -0.011615656
12 17 -0.011690852
11 17 -0.011691097
10 17 -0.011711605
9 17 -0.011720394
8 17 -0.011782651
7 17 -0.011744076
6 17 -0.011817807
5 17 -0.011893736
4 17 -0.011986756
3 17 -0.012079286
2 17 -0.012059267
1 17 -0.0122086825
0 17 -0.012131778
0 18 -0.012311956
1 18 -0.012307073
2 18 -0.01232807
3 18 -0.01240229
4 18 -0.01241474
5 18 -0.012410346
6 18 -0.012381293
7 18 -0.012325384
8 18 -0.012400092
9 18 -0.012498482
10 18 -0.012554147
11 18 -0.012601267
12 18 -0.012579782
13 18 -0.012647899
14 18 -0.01275288
15 18 -0.012760693
16 18 -0.01279585
17 18 -0.012816846
18 18 -0.012841749
19 18 -0.013067583
20 18 -0.013062944
20 19 -0.012933304
19 19 -0.013013871
18 19 -0.012946487
17 19 -0.012886183
16 19 -0.012906447
15 19 -0.012837843
14 19 -0.012869582
13 19 -0.012882765
12 19 -0.012834181
11 19 -0.012790479
10 19 -0.012803663
9 19 -0.012964554
8 19 -0.01285591
7 19 -0.012781934
6 19 -0.01284712
5 19 -0.012913528
4 19 -0.013013626
3 19 -0.012985795
2 19 -0.012992142
1 19 -0.013018753
0 19 -0.013090288
0 20 -0.013236531
1 20 -0.013188679
2 20 -0.013055864
3 20 -0.013112017
4 20 -0.013225544
5 20 -0.013268514
6 20 -0.013264363
7 20 -0.013230915
8 20 -0.01332247
9 20 -0.013353964
10 20 -0.013443321
11 20 -0.013488976
12 20 -0.013144732
13 20 -0.013516564
14 20 -0.013594447
15 20 -0.013648402
16 20 -0.013602503
17 20 -0.013801481
18 20 -0.013685268
19 20 -0.013784391
20 20 -0.013824918
