0 0 0.0061805146
1 0 0.0061875945
2 0 0.006178317
3 0 0.0061499965
4 0 0.0061341273
5 0 0.0060667433
6 0 0.0060726027
7 0 0.006007416
8 0 0.005910735
9 0 0.0057779206
10 0 0.005690761
11 0 0.00565536
12 0 0.0059371027
13 0 0.006463234
14 0 0.0069920504
15 0 0.0074554365
16 0 0.007903686
17 0 0.008424934
18 0 0.008813855
19 0 0.009170306
20 0 0.009475731
20 1 0.009687404
19 1 0.009748928
18 1 0.009636622
17 1 0.0094374
16 1 0.009157611
15 1 0.008799695
14 1 0.008484016
13 1 0.00824622
12 1 0.008032105
11 1 0.00803943
10 1 0.008204471
9 1 0.00867567
8 1 0.008987443
7 1 0.009384665
6 1 0.0096639665
5 1 0.0099313045
4 1 0.010183994
3 1 0.010315099
2 1 0.010371985
1 1 0.010344152
0 1 0.010224033
0 2 0.010078035
1 2 0.009724026
2 2 0.009380759
3 2 0.009836576
4 2 0.009747952
5 2 0.009679591
6 2 0.009672023
7 2 0.009702297
8 2 0.009634425
9 2 0.0091305105
10 2 0.011032639
11 2 0.009805325
12 2 0.010036531
13 2 0.010559243
14 2 0.011355886
15 2 0.011795347
16 2 0.012175968
17 2 0.012519967
18 2 0.0128061045
19 2 0.013027055
20 2 0.013134235
20 3 0.013135211
19 3 0.0130092325
18 3 0.012657665
17 3 0.012232609
16 3 0.011760678
15 3 0.011272145
14 3 0.010823408
13 3 0.010438148
12 3 0.010243077
11 3 0.010926925
10 3 0.011779233
9 3 0.012394965
8 3 0.0128744645
7 3 0.013134967
6 3 0.013349569
5 3 0.013451622
4 3 0.013568079
3 3 0.013579309
2 3 0.013588587
1 3 0.013463585
0 3 0.013257527
0 4 0.013022904
1 4 0.012864699
2 4 0.012695018
3 4 0.0126103
4 4 0.012601756
5 4 0.012505318
6 4 0.012413031
7 4 0.012440864
8 4 0.012500191
9 4 0.012491402
10 4 0.01237641
11 4 0.012172549
12 4 0.012117129
13 4 0.012485786
14 4 0.012866896
15 4 0.013135699
16 4 0.013704067
17 4 0.013959442
18 4 0.014192112
19 4 0.014351049
20 4 0.014455544
20 5 0.014397193
19 5 0.0143437255
18 5 0.01382858
17 5 0.013450889
16 5 0.012919143
15 5 0.012412055
14 5 0.01191864
13 5 0.011610285
12 5 0.011549737
11 5 0.011659358
10 5 0.011945739
9 5 0.0124096135
8 5 0.012779248
7 5 0.013054399
6 5 0.01337496
5 5 0.0137416655
4 5 0.013928192
3 5 0.0140129095
2 5 0.014031953
1 5 0.013961395
0 5 0.013818082
0 6 0.0136086065
1 6 0.013450889
2 6 0.013368857
3 6 0.013270955
4 6 0.013231159
5 6 0.013159869
6 6 0.012969925
7 6 0.012838575
8 6 0.012713818
9 6 0.012686717
10 6 0.012587595
11 6 0.01248896
12 6 0.012562692
13 6 0.012670116
14 6 0.012848829
15 6 0.013171832
16 6 0.01355465
17 6 0.0139447935
18 6 0.014200901
19 6 0.014383033
20 6 0.014389625
20 7 0.014403541
19 7 0.014118868
18 7 0.01386447
17 7 0.013428672
16 7 0.012970657
15 7 0.012492134
14 7 0.01206708
13 7 0.011910827
12 7 0.011841978
11 7 0.011910827
10 7 0.012111758
9 7 0.012456245
8 7 0.012815625
7 7 0.013200642
6 7 0.013579553
5 7 0.013900115
4 7 0.014092989
3 7 0.0141445035
2 7 0.014073214
1 7 0.013925995
0 7 0.013680873
0 8 0.013489464
1 8 0.013381797
2 8 0.013290242
3 8 0.013266561
4 8 0.013302938
5 8 0.013307821
6 8 0.013253133
7 8 0.01310689
8 8 0.012972366
9 8 0.0128087895
10 8 0.012734082
11 8 0.012698436
12 8 0.012795362
13 8 0.012938919
14 8 0.013135944
15 8 0.01336788
16 8 0.013624232
17 8 0.013856169
18 8 0.0140129095
19 8 0.0140778525
20 8 0.01404709
20 9 0.013950408
19 9 0.013795377
18 9 0.013565637
17 9 0.013263875
16 9 0.012929641
15 9 0.012600535
14 9 0.012259709
13 9 0.012049501
12 9 0.0119389035
11 9 0.011970886
10 9 0.012113955
9 9 0.012372504
8 9 0.012727246
7 9 0.01306856
6 9 0.013400108
5 9 0.013528772
4 9 0.013519006
3 9 0.013426719
2 9 0.0132765705
1 9 0.013061724
0 9 0.01281709
0 10 0.012631297
1 10 0.01252778
2 10 0.012504586
3 10 0.012522653
4 10 0.012590037
5 10 0.0127448235
6 10 0.012865187
7 10 0.012835645
8 10 0.01272456
9 10 0.012637889
10 10 0.01258613
11 10 0.012581003
12 10 0.01264619
13 10 0.012699413
14 10 0.012746288
15 10 0.012761181
16 10 0.01283003
17 10 0.01284297
18 10 0.012793165
19 10 0.01266035
20 10 0.012518258
20 11 0.012416694
19 11 0.012305364
18 11 0.012212345
17 11 0.012050477
16 11 0.011794614
15 11 0.011652522
14 11 0.011491142
13 11 0.011379813
12 11 0.011283864
11 11 0.011274586
10 11 0.011347097
9 11 0.011464043
8 11 0.011698665
7 11 0.011876158
6 11 0.011947692
5 11 0.011811215
4 11 0.01161175
3 11 0.011372977
2 11 0.011119555
1 11 0.010874434
0 11 0.010660808
0 12 0.010497963
1 12 0.010460854
2 12 0.0104684215
3 12 0.010475502
4 12 0.010591959
5 12 0.010743084
6 12 0.010942794
7 12 0.011093675
8 12 0.011116137
9 12 0.011065355
10 12 0.010949874
11 12 0.010947433
12 12 0.010890547
13 12 0.010750897
14 12 0.010639567
15 12 0.010444496
16 12 0.010304601
17 12 0.010144442
18 12 0.009963531
19 12 0.009818265
20 12 0.009687648
20 13 0.009600244
19 13 0.009556298
18 13 0.009493798
17 13 0.009479881
16 13 0.009425437
15 13 0.009380027
14 13 0.009366354
13 13 0.009428123
12 13 0.009472068
11 13 0.009572412
10 13 0.009575342
9 13 0.009601221
8 13 0.009610254
7 13 0.009536278
6 13 0.009383933
5 13 0.009206928
4 13 0.008999405
3 13 0.008850722
2 13 0.008750378
1 13 0.008642222
0 13 0.008585337
0 14 0.008489143
1 14 0.008543343
2 14 0.008559457
3 14 0.008640269
4 14 0.008624155
5 14 0.008684215
6 14 0.008805798
7 14 0.008915908
8 14 0.008900771
9 14 0.008871962
10 14 0.008804822
11 14 0.008683238
12 14 0.008507699
13 14 0.008339727
14 14 0.008171024
15 14 0.008005737
16 14 0.007996216
17 14 0.007834349
18 14 0.0077940645
19 14 0.00774255
20 14 0.007635859
20 15 0.0077279015
19 15 0.007696407
18 15 0.0076761427
17 15 0.0077166706
16 15 0.0077454797
15 15 0.007769406
14 15 0.0077886935
13 15 0.007867552
12 15 0.007943725
11 15 0.008050172
10 15 0.008074342
9 15 0.00808484
8 15 0.008096559
7 15 0.008025758
6 15 0.0079823
5 15 0.007920532
4 15 0.00779675
3 15 0.0077342493
2 15 0.0076605175
1 15 0.007619013
0 15 0.0076077823
0 16 0.007559686
1 16 0.007585321
2 16 0.00759997
3 16 0.0075606625
4 16 0.006891463
5 16 0.007468132
6 16 0.0075980164
7 16 0.0076793167
8 16 0.0077039753
9 16 0.0076605175
10 16 0.007601679
11 16 0.00752575
12 16 0.007459587
13 16 0.0073721833
14 16 0.0072918595
15 16 0.0071988404
16 16 0.007145617
17 16 0.0070850695
18 16 0.0070430767
19 16 0.006997666
20 16 0.006981552
20 17 0.0069376063
19 17 0.0069229575
18 17 0.006955917
17 17 0.0069603114
16 17 0.006947372
15 17 0.006978622
14 17 0.0070059667
13 17 0.007023545
12 17 0.00704918
11 17 0.0070731062
10 17 0.0071114367
9 17 0.007113634
8 17 0.007128039
7 17 0.0070999623
6 17 0.0070770127
5 17 0.007074571
4 17 0.0069991304
3 17 0.006959579
2 17 0.006913924
1 17 0.006931991
0 17 0.0068878005
0 18 0.006928573
1 18 0.0068809646
2 18 0.006891463
3 18 0.0069146566
4 18 0.006881697
5 18 0.0069056232
6 18 0.006891463
7 18 0.006886824
8 18 0.006875349
9 18 0.006835554
10 18 0.0067923404
11 18 0.0067569395
12 18 0.0067032278
13 18 0.0066766157
14 18 0.006641703
15 18 0.006592142
16 18 0.0065594264
17 18 0.006530862
18 18 0.0065084
19 18 0.006476173
20 18 0.0064412607
20 19 0.00643003
19 19 0.006408301
18 19 0.0064239264
17 19 0.0064363778
16 19 0.0064336923
15 19 0.0064578624
14 19 0.0064563975
13 19 0.006475929
12 19 0.0064734877
11 19 0.006479347
10 19 0.0064751967
9 19 0.0064800796
8 19 0.0065035173
7 19 0.006493996
6 19 0.00648716
5 19 0.006490578
4 19 0.006472511
3 19 0.0064476086
2 19 0.006401221
1 19 0.0063643553
0 19 0.006406592
0 20 0.0064021978
1 20 0.0064122076
2 20 0.006390723
3 20 0.0063921874
4 20 0.0063807126
5 20 0.0063755857
6 20 0.006367041
7 20 0.0063401847
8 20 0.006309911
9 20 0.006312108
10 20 0.006265721
11 20 0.0062398417
12 20 0.006213962
13 20 0.0062059057
14 20 0.006167575
15 20 0.0061434046
16 20 0.0061128866
17 20 0.006076997
18 20 0.006049653
19 20 0.0060474556
20 20 0.0060064397
